2025/05/02-12:32:47.709329 26b0 RocksDB version: 9.7.3
2025/05/02-12:32:47.709458 26b0 Git sha 0e2801ac30b3f283c3b14e523ba3667eca024f09
2025/05/02-12:32:47.709499 26b0 Compile date 2024-10-25 18:33:05
2025/05/02-12:32:47.709526 26b0 DB SUMMARY
2025/05/02-12:32:47.709545 26b0 Host name (Env):  LAPTOP-1F7HT6L0
2025/05/02-12:32:47.709560 26b0 DB Session ID:  KT622U2IWBPHEEFB98RJ
2025/05/02-12:32:47.709962 26b0 SST files in C:\Users\Behidj Neila\Desktop\manipulationUniversite - Copie (2) - Copie\Hyperledger_Besu\Clique-Network\Node-2\data\database dir, Total Num: 0, files: 
2025/05/02-12:32:47.709983 26b0 Write Ahead Log file in C:\Users\Behidj Neila\Desktop\manipulationUniversite - Copie (2) - Copie\Hyperledger_Besu\Clique-Network\Node-2\data\database: 
2025/05/02-12:32:47.710233 26b0                         Options.error_if_exists: 0
2025/05/02-12:32:47.710245 26b0                       Options.create_if_missing: 1
2025/05/02-12:32:47.710286 26b0                         Options.paranoid_checks: 1
2025/05/02-12:32:47.710297 26b0             Options.flush_verify_memtable_count: 1
2025/05/02-12:32:47.710304 26b0          Options.compaction_verify_record_count: 1
2025/05/02-12:32:47.710310 26b0                               Options.track_and_verify_wals_in_manifest: 0
2025/05/02-12:32:47.710316 26b0        Options.verify_sst_unique_id_in_manifest: 1
2025/05/02-12:32:47.710323 26b0                                     Options.env: 0000019528964860
2025/05/02-12:32:47.710330 26b0                                      Options.fs: WinFS
2025/05/02-12:32:47.710336 26b0                                Options.info_log: 0000019526D0EA10
2025/05/02-12:32:47.710341 26b0                Options.max_file_opening_threads: 16
2025/05/02-12:32:47.710346 26b0                              Options.statistics: 0000019526369590
2025/05/02-12:32:47.710351 26b0                              Options.statistics stats level: 3
2025/05/02-12:32:47.710358 26b0                               Options.use_fsync: 0
2025/05/02-12:32:47.710367 26b0                       Options.max_log_file_size: 0
2025/05/02-12:32:47.710375 26b0                  Options.max_manifest_file_size: 1073741824
2025/05/02-12:32:47.710382 26b0                   Options.log_file_time_to_roll: 86400
2025/05/02-12:32:47.710388 26b0                       Options.keep_log_file_num: 7
2025/05/02-12:32:47.710394 26b0                    Options.recycle_log_file_num: 16
2025/05/02-12:32:47.710400 26b0                         Options.allow_fallocate: 1
2025/05/02-12:32:47.710405 26b0                        Options.allow_mmap_reads: 0
2025/05/02-12:32:47.710410 26b0                       Options.allow_mmap_writes: 0
2025/05/02-12:32:47.710415 26b0                        Options.use_direct_reads: 0
2025/05/02-12:32:47.710421 26b0                        Options.use_direct_io_for_flush_and_compaction: 0
2025/05/02-12:32:47.710427 26b0          Options.create_missing_column_families: 1
2025/05/02-12:32:47.710433 26b0                              Options.db_log_dir: 
2025/05/02-12:32:47.710439 26b0                                 Options.wal_dir: 
2025/05/02-12:32:47.710444 26b0                Options.table_cache_numshardbits: 6
2025/05/02-12:32:47.710450 26b0                         Options.WAL_ttl_seconds: 0
2025/05/02-12:32:47.710455 26b0                       Options.WAL_size_limit_MB: 0
2025/05/02-12:32:47.710462 26b0                        Options.max_write_batch_group_size_bytes: 1048576
2025/05/02-12:32:47.710468 26b0             Options.manifest_preallocation_size: 4194304
2025/05/02-12:32:47.710474 26b0                     Options.is_fd_close_on_exec: 1
2025/05/02-12:32:47.710480 26b0                   Options.advise_random_on_open: 1
2025/05/02-12:32:47.710489 26b0                    Options.db_write_buffer_size: 0
2025/05/02-12:32:47.710495 26b0                    Options.write_buffer_manager: 0000019528965670
2025/05/02-12:32:47.710501 26b0           Options.random_access_max_buffer_size: 1048576
2025/05/02-12:32:47.710506 26b0                      Options.use_adaptive_mutex: 0
2025/05/02-12:32:47.710513 26b0                            Options.rate_limiter: 0000000000000000
2025/05/02-12:32:47.710654 26b0     Options.sst_file_manager.rate_bytes_per_sec: 0
2025/05/02-12:32:47.710668 26b0                       Options.wal_recovery_mode: 2
2025/05/02-12:32:47.710674 26b0                  Options.enable_thread_tracking: 0
2025/05/02-12:32:47.710680 26b0                  Options.enable_pipelined_write: 0
2025/05/02-12:32:47.710685 26b0                  Options.unordered_write: 0
2025/05/02-12:32:47.710690 26b0         Options.allow_concurrent_memtable_write: 1
2025/05/02-12:32:47.710695 26b0      Options.enable_write_thread_adaptive_yield: 1
2025/05/02-12:32:47.710700 26b0             Options.write_thread_max_yield_usec: 100
2025/05/02-12:32:47.710707 26b0            Options.write_thread_slow_yield_usec: 3
2025/05/02-12:32:47.710713 26b0                               Options.row_cache: None
2025/05/02-12:32:47.710719 26b0                              Options.wal_filter: None
2025/05/02-12:32:47.710724 26b0             Options.avoid_flush_during_recovery: 0
2025/05/02-12:32:47.710730 26b0             Options.allow_ingest_behind: 0
2025/05/02-12:32:47.710736 26b0             Options.two_write_queues: 0
2025/05/02-12:32:47.710742 26b0             Options.manual_wal_flush: 0
2025/05/02-12:32:47.710748 26b0             Options.wal_compression: 0
2025/05/02-12:32:47.710754 26b0             Options.background_close_inactive_wals: 0
2025/05/02-12:32:47.710760 26b0             Options.atomic_flush: 0
2025/05/02-12:32:47.710765 26b0             Options.avoid_unnecessary_blocking_io: 0
2025/05/02-12:32:47.710771 26b0             Options.prefix_seek_opt_in_only: 0
2025/05/02-12:32:47.710777 26b0                 Options.persist_stats_to_disk: 0
2025/05/02-12:32:47.710818 26b0                 Options.write_dbid_to_manifest: 1
2025/05/02-12:32:47.710825 26b0                 Options.write_identity_file: 1
2025/05/02-12:32:47.710832 26b0                 Options.log_readahead_size: 0
2025/05/02-12:32:47.710838 26b0                 Options.file_checksum_gen_factory: Unknown
2025/05/02-12:32:47.710843 26b0                 Options.best_efforts_recovery: 0
2025/05/02-12:32:47.710849 26b0                Options.max_bgerror_resume_count: 2147483647
2025/05/02-12:32:47.710854 26b0            Options.bgerror_resume_retry_interval: 1000000
2025/05/02-12:32:47.710860 26b0             Options.allow_data_in_errors: 0
2025/05/02-12:32:47.710865 26b0             Options.db_host_id: __hostname__
2025/05/02-12:32:47.710871 26b0             Options.enforce_single_del_contracts: true
2025/05/02-12:32:47.710877 26b0             Options.metadata_write_temperature: kUnknown
2025/05/02-12:32:47.710883 26b0             Options.wal_write_temperature: kUnknown
2025/05/02-12:32:47.710889 26b0             Options.max_background_jobs: 2
2025/05/02-12:32:47.710894 26b0             Options.max_background_compactions: -1
2025/05/02-12:32:47.710900 26b0             Options.max_subcompactions: 1
2025/05/02-12:32:47.710908 26b0             Options.avoid_flush_during_shutdown: 0
2025/05/02-12:32:47.710914 26b0           Options.writable_file_max_buffer_size: 1048576
2025/05/02-12:32:47.710919 26b0             Options.delayed_write_rate : 16777216
2025/05/02-12:32:47.710924 26b0             Options.max_total_wal_size: 1073741824
2025/05/02-12:32:47.710930 26b0             Options.delete_obsolete_files_period_micros: 21600000000
2025/05/02-12:32:47.710935 26b0                   Options.stats_dump_period_sec: 600
2025/05/02-12:32:47.710941 26b0                 Options.stats_persist_period_sec: 600
2025/05/02-12:32:47.710946 26b0                 Options.stats_history_buffer_size: 1048576
2025/05/02-12:32:47.710952 26b0                          Options.max_open_files: 1024
2025/05/02-12:32:47.710957 26b0                          Options.bytes_per_sync: 0
2025/05/02-12:32:47.710963 26b0                      Options.wal_bytes_per_sync: 0
2025/05/02-12:32:47.710969 26b0                   Options.strict_bytes_per_sync: 0
2025/05/02-12:32:47.710974 26b0       Options.compaction_readahead_size: 2097152
2025/05/02-12:32:47.711027 26b0                  Options.max_background_flushes: -1
2025/05/02-12:32:47.711036 26b0 Options.daily_offpeak_time_utc: 
2025/05/02-12:32:47.711069 26b0 Compression algorithms supported:
2025/05/02-12:32:47.711076 26b0 	kZSTD supported: 1
2025/05/02-12:32:47.711082 26b0 	kSnappyCompression supported: 1
2025/05/02-12:32:47.711088 26b0 	kBZip2Compression supported: 0
2025/05/02-12:32:47.711093 26b0 	kZlibCompression supported: 1
2025/05/02-12:32:47.711099 26b0 	kLZ4Compression supported: 1
2025/05/02-12:32:47.711104 26b0 	kXpressCompression supported: 0
2025/05/02-12:32:47.711145 26b0 	kLZ4HCCompression supported: 1
2025/05/02-12:32:47.711152 26b0 	kZSTDNotFinalCompression supported: 1
2025/05/02-12:32:47.711159 26b0 Fast CRC32 supported: Not supported on x86
2025/05/02-12:32:47.711165 26b0 DMutex implementation: std::mutex
2025/05/02-12:32:47.711171 26b0 Jemalloc supported: 0
2025/05/02-12:32:47.715966 26b0 [db\db_impl\db_impl_open.cc:312] Creating manifest 1 
2025/05/02-12:32:47.721863 26b0 [db\version_set.cc:6068] Recovering from manifest file: C:\Users\Behidj Neila\Desktop\manipulationUniversite - Copie (2) - Copie\Hyperledger_Besu\Clique-Network\Node-2\data\database/MANIFEST-000001
2025/05/02-12:32:47.739498 26b0 [db\column_family.cc:629] --------------- Options for column family [default]:
2025/05/02-12:32:47.739536 26b0               Options.comparator: leveldb.BytewiseComparator
2025/05/02-12:32:47.739552 26b0           Options.merge_operator: None
2025/05/02-12:32:47.739557 26b0        Options.compaction_filter: None
2025/05/02-12:32:47.739560 26b0        Options.compaction_filter_factory: None
2025/05/02-12:32:47.739564 26b0  Options.sst_partitioner_factory: None
2025/05/02-12:32:47.739568 26b0         Options.memtable_factory: SkipListFactory
2025/05/02-12:32:47.739572 26b0            Options.table_factory: BlockBasedTable
2025/05/02-12:32:47.739619 26b0            table_factory options:   flush_block_policy_factory: FlushBlockBySizePolicyFactory (00000195290B1D40)
  cache_index_and_filter_blocks: 0
  cache_index_and_filter_blocks_with_high_priority: 1
  pin_l0_filter_and_index_blocks_in_cache: 0
  pin_top_level_index_and_filter: 1
  index_type: 0
  data_block_index_type: 0
  index_shortening: 1
  data_block_hash_table_util_ratio: 0.750000
  checksum: 4
  no_block_cache: 0
  block_cache: 000001952940CC40
  block_cache_name: LRUCache
  block_cache_options:
    capacity : 134217728
    num_shard_bits : 6
    strict_capacity_limit : 0
    memory_allocator : None
    high_pri_pool_ratio: 0.000
    low_pri_pool_ratio: 0.000
  persistent_cache: 0000000000000000
  block_size: 32768
  block_size_deviation: 10
  block_restart_interval: 16
  index_block_restart_interval: 1
  metadata_block_size: 4096
  partition_filters: 0
  use_delta_encoding: 1
  filter_policy: bloomfilter
  whole_key_filtering: 1
  verify_compression: 0
  read_amp_bytes_per_bit: 0
  format_version: 5
  enable_index_compression: 1
  block_align: 0
  max_auto_readahead_size: 262144
  prepopulate_block_cache: 0
  initial_auto_readahead_size: 8192
  num_file_reads_for_auto_readahead: 2
2025/05/02-12:32:47.739624 26b0        Options.write_buffer_size: 67108864
2025/05/02-12:32:47.739628 26b0  Options.max_write_buffer_number: 2
2025/05/02-12:32:47.739632 26b0          Options.compression: LZ4
2025/05/02-12:32:47.739636 26b0                  Options.bottommost_compression: Disabled
2025/05/02-12:32:47.739640 26b0       Options.prefix_extractor: nullptr
2025/05/02-12:32:47.739644 26b0   Options.memtable_insert_with_hint_prefix_extractor: nullptr
2025/05/02-12:32:47.739648 26b0             Options.num_levels: 7
2025/05/02-12:32:47.739652 26b0        Options.min_write_buffer_number_to_merge: 1
2025/05/02-12:32:47.739656 26b0     Options.max_write_buffer_number_to_maintain: 0
2025/05/02-12:32:47.739660 26b0     Options.max_write_buffer_size_to_maintain: 134217728
2025/05/02-12:32:47.739665 26b0            Options.bottommost_compression_opts.window_bits: -14
2025/05/02-12:32:47.739669 26b0                  Options.bottommost_compression_opts.level: 32767
2025/05/02-12:32:47.739677 26b0               Options.bottommost_compression_opts.strategy: 0
2025/05/02-12:32:47.739685 26b0         Options.bottommost_compression_opts.max_dict_bytes: 0
2025/05/02-12:32:47.739689 26b0         Options.bottommost_compression_opts.zstd_max_train_bytes: 0
2025/05/02-12:32:47.739693 26b0         Options.bottommost_compression_opts.parallel_threads: 1
2025/05/02-12:32:47.739698 26b0                  Options.bottommost_compression_opts.enabled: false
2025/05/02-12:32:47.739702 26b0         Options.bottommost_compression_opts.max_dict_buffer_bytes: 0
2025/05/02-12:32:47.739706 26b0         Options.bottommost_compression_opts.use_zstd_dict_trainer: true
2025/05/02-12:32:47.739711 26b0            Options.compression_opts.window_bits: -14
2025/05/02-12:32:47.739715 26b0                  Options.compression_opts.level: 32767
2025/05/02-12:32:47.739719 26b0               Options.compression_opts.strategy: 0
2025/05/02-12:32:47.739723 26b0         Options.compression_opts.max_dict_bytes: 0
2025/05/02-12:32:47.739727 26b0         Options.compression_opts.zstd_max_train_bytes: 0
2025/05/02-12:32:47.739732 26b0         Options.compression_opts.use_zstd_dict_trainer: true
2025/05/02-12:32:47.739736 26b0         Options.compression_opts.parallel_threads: 1
2025/05/02-12:32:47.739740 26b0                  Options.compression_opts.enabled: false
2025/05/02-12:32:47.739744 26b0         Options.compression_opts.max_dict_buffer_bytes: 0
2025/05/02-12:32:47.739748 26b0      Options.level0_file_num_compaction_trigger: 4
2025/05/02-12:32:47.739753 26b0          Options.level0_slowdown_writes_trigger: 20
2025/05/02-12:32:47.739757 26b0              Options.level0_stop_writes_trigger: 36
2025/05/02-12:32:47.739761 26b0                   Options.target_file_size_base: 67108864
2025/05/02-12:32:47.739765 26b0             Options.target_file_size_multiplier: 1
2025/05/02-12:32:47.739769 26b0                Options.max_bytes_for_level_base: 268435456
2025/05/02-12:32:47.739773 26b0 Options.level_compaction_dynamic_level_bytes: 1
2025/05/02-12:32:47.739778 26b0          Options.max_bytes_for_level_multiplier: 10.000000
2025/05/02-12:32:47.739782 26b0 Options.max_bytes_for_level_multiplier_addtl[0]: 1
2025/05/02-12:32:47.739786 26b0 Options.max_bytes_for_level_multiplier_addtl[1]: 1
2025/05/02-12:32:47.739790 26b0 Options.max_bytes_for_level_multiplier_addtl[2]: 1
2025/05/02-12:32:47.739794 26b0 Options.max_bytes_for_level_multiplier_addtl[3]: 1
2025/05/02-12:32:47.739798 26b0 Options.max_bytes_for_level_multiplier_addtl[4]: 1
2025/05/02-12:32:47.739803 26b0 Options.max_bytes_for_level_multiplier_addtl[5]: 1
2025/05/02-12:32:47.739807 26b0 Options.max_bytes_for_level_multiplier_addtl[6]: 1
2025/05/02-12:32:47.739811 26b0       Options.max_sequential_skip_in_iterations: 8
2025/05/02-12:32:47.739815 26b0                    Options.max_compaction_bytes: 1677721600
2025/05/02-12:32:47.739819 26b0                        Options.arena_block_size: 1048576
2025/05/02-12:32:47.739823 26b0   Options.soft_pending_compaction_bytes_limit: 68719476736
2025/05/02-12:32:47.739827 26b0   Options.hard_pending_compaction_bytes_limit: 274877906944
2025/05/02-12:32:47.739831 26b0                Options.disable_auto_compactions: 1
2025/05/02-12:32:47.739836 26b0                        Options.compaction_style: kCompactionStyleLevel
2025/05/02-12:32:47.739841 26b0                          Options.compaction_pri: kMinOverlappingRatio
2025/05/02-12:32:47.739845 26b0 Options.compaction_options_universal.size_ratio: 1
2025/05/02-12:32:47.739849 26b0 Options.compaction_options_universal.min_merge_width: 2
2025/05/02-12:32:47.739853 26b0 Options.compaction_options_universal.max_merge_width: 4294967295
2025/05/02-12:32:47.739857 26b0 Options.compaction_options_universal.max_size_amplification_percent: 200
2025/05/02-12:32:47.739862 26b0 Options.compaction_options_universal.compression_size_percent: -1
2025/05/02-12:32:47.739866 26b0 Options.compaction_options_universal.stop_style: kCompactionStopStyleTotalSize
2025/05/02-12:32:47.739924 26b0 Options.compaction_options_universal.max_read_amp: -1
2025/05/02-12:32:47.739930 26b0 Options.compaction_options_fifo.max_table_files_size: 1073741824
2025/05/02-12:32:47.739934 26b0 Options.compaction_options_fifo.allow_compaction: 0
2025/05/02-12:32:47.739942 26b0                   Options.table_properties_collectors: 
2025/05/02-12:32:47.739946 26b0                   Options.inplace_update_support: 0
2025/05/02-12:32:47.739950 26b0                 Options.inplace_update_num_locks: 10000
2025/05/02-12:32:47.739954 26b0               Options.memtable_prefix_bloom_size_ratio: 0.000000
2025/05/02-12:32:47.739963 26b0               Options.memtable_whole_key_filtering: 0
2025/05/02-12:32:47.739967 26b0   Options.memtable_huge_page_size: 0
2025/05/02-12:32:47.739971 26b0                           Options.bloom_locality: 0
2025/05/02-12:32:47.739975 26b0                    Options.max_successive_merges: 0
2025/05/02-12:32:47.739980 26b0             Options.strict_max_successive_merges: 0
2025/05/02-12:32:47.739983 26b0                Options.optimize_filters_for_hits: 0
2025/05/02-12:32:47.739987 26b0                Options.paranoid_file_checks: 0
2025/05/02-12:32:47.739991 26b0                Options.force_consistency_checks: 1
2025/05/02-12:32:47.739995 26b0                Options.report_bg_io_stats: 0
2025/05/02-12:32:47.739999 26b0                               Options.ttl: 0
2025/05/02-12:32:47.740003 26b0          Options.periodic_compaction_seconds: 0
2025/05/02-12:32:47.740007 26b0                        Options.default_temperature: kUnknown
2025/05/02-12:32:47.740011 26b0  Options.preclude_last_level_data_seconds: 0
2025/05/02-12:32:47.740015 26b0    Options.preserve_internal_time_seconds: 0
2025/05/02-12:32:47.740019 26b0                       Options.enable_blob_files: false
2025/05/02-12:32:47.740023 26b0                           Options.min_blob_size: 0
2025/05/02-12:32:47.740027 26b0                          Options.blob_file_size: 268435456
2025/05/02-12:32:47.740031 26b0                   Options.blob_compression_type: NoCompression
2025/05/02-12:32:47.740035 26b0          Options.enable_blob_garbage_collection: false
2025/05/02-12:32:47.740040 26b0      Options.blob_garbage_collection_age_cutoff: 0.250000
2025/05/02-12:32:47.740045 26b0 Options.blob_garbage_collection_force_threshold: 1.000000
2025/05/02-12:32:47.740049 26b0          Options.blob_compaction_readahead_size: 0
2025/05/02-12:32:47.740053 26b0                Options.blob_file_starting_level: 0
2025/05/02-12:32:47.740057 26b0         Options.experimental_mempurge_threshold: 0.000000
2025/05/02-12:32:47.740061 26b0            Options.memtable_max_range_deletions: 0
2025/05/02-12:32:47.744961 26b0 [db\version_set.cc:6126] Recovered from manifest file:C:\Users\Behidj Neila\Desktop\manipulationUniversite - Copie (2) - Copie\Hyperledger_Besu\Clique-Network\Node-2\data\database/MANIFEST-000001 succeeded,manifest_file_number is 1, next_file_number is 3, last_sequence is 0, log_number is 0,prev_log_number is 0,max_column_family is 0,min_log_number_to_keep is 0
2025/05/02-12:32:47.745006 26b0 [db\version_set.cc:6135] Column family [default] (ID 0), log number is 0
2025/05/02-12:32:47.745020 26b0 [db\db_impl\db_impl_open.cc:685] DB ID: 2ba6110e-2749-11f0-8770-2c0da701620a
2025/05/02-12:32:47.748521 26b0 [db\version_set.cc:5560] Creating manifest 5
2025/05/02-12:32:47.753349 26b0 [db\column_family.cc:629] --------------- Options for column family []:
2025/05/02-12:32:47.753378 26b0               Options.comparator: leveldb.BytewiseComparator
2025/05/02-12:32:47.753386 26b0           Options.merge_operator: None
2025/05/02-12:32:47.753392 26b0        Options.compaction_filter: None
2025/05/02-12:32:47.753398 26b0        Options.compaction_filter_factory: None
2025/05/02-12:32:47.753404 26b0  Options.sst_partitioner_factory: None
2025/05/02-12:32:47.753410 26b0         Options.memtable_factory: SkipListFactory
2025/05/02-12:32:47.753416 26b0            Options.table_factory: BlockBasedTable
2025/05/02-12:32:47.753461 26b0            table_factory options:   flush_block_policy_factory: FlushBlockBySizePolicyFactory (000001952741C880)
  cache_index_and_filter_blocks: 0
  cache_index_and_filter_blocks_with_high_priority: 1
  pin_l0_filter_and_index_blocks_in_cache: 0
  pin_top_level_index_and_filter: 1
  index_type: 0
  data_block_index_type: 0
  index_shortening: 1
  data_block_hash_table_util_ratio: 0.750000
  checksum: 4
  no_block_cache: 0
  block_cache: 000001952940CE60
  block_cache_name: LRUCache
  block_cache_options:
    capacity : 134217728
    num_shard_bits : 6
    strict_capacity_limit : 0
    memory_allocator : None
    high_pri_pool_ratio: 0.000
    low_pri_pool_ratio: 0.000
  persistent_cache: 0000000000000000
  block_size: 32768
  block_size_deviation: 10
  block_restart_interval: 16
  index_block_restart_interval: 1
  metadata_block_size: 4096
  partition_filters: 0
  use_delta_encoding: 1
  filter_policy: bloomfilter
  whole_key_filtering: 1
  verify_compression: 0
  read_amp_bytes_per_bit: 0
  format_version: 5
  enable_index_compression: 1
  block_align: 0
  max_auto_readahead_size: 262144
  prepopulate_block_cache: 0
  initial_auto_readahead_size: 8192
  num_file_reads_for_auto_readahead: 2
2025/05/02-12:32:47.753477 26b0        Options.write_buffer_size: 67108864
2025/05/02-12:32:47.753488 26b0  Options.max_write_buffer_number: 2
2025/05/02-12:32:47.753495 26b0          Options.compression: LZ4
2025/05/02-12:32:47.753500 26b0                  Options.bottommost_compression: Disabled
2025/05/02-12:32:47.753506 26b0       Options.prefix_extractor: nullptr
2025/05/02-12:32:47.753512 26b0   Options.memtable_insert_with_hint_prefix_extractor: nullptr
2025/05/02-12:32:47.753517 26b0             Options.num_levels: 7
2025/05/02-12:32:47.753523 26b0        Options.min_write_buffer_number_to_merge: 1
2025/05/02-12:32:47.753529 26b0     Options.max_write_buffer_number_to_maintain: 0
2025/05/02-12:32:47.753535 26b0     Options.max_write_buffer_size_to_maintain: 134217728
2025/05/02-12:32:47.753542 26b0            Options.bottommost_compression_opts.window_bits: -14
2025/05/02-12:32:47.753548 26b0                  Options.bottommost_compression_opts.level: 32767
2025/05/02-12:32:47.753554 26b0               Options.bottommost_compression_opts.strategy: 0
2025/05/02-12:32:47.753561 26b0         Options.bottommost_compression_opts.max_dict_bytes: 0
2025/05/02-12:32:47.753566 26b0         Options.bottommost_compression_opts.zstd_max_train_bytes: 0
2025/05/02-12:32:47.753573 26b0         Options.bottommost_compression_opts.parallel_threads: 1
2025/05/02-12:32:47.753579 26b0                  Options.bottommost_compression_opts.enabled: false
2025/05/02-12:32:47.753585 26b0         Options.bottommost_compression_opts.max_dict_buffer_bytes: 0
2025/05/02-12:32:47.753591 26b0         Options.bottommost_compression_opts.use_zstd_dict_trainer: true
2025/05/02-12:32:47.753602 26b0            Options.compression_opts.window_bits: -14
2025/05/02-12:32:47.753609 26b0                  Options.compression_opts.level: 32767
2025/05/02-12:32:47.753616 26b0               Options.compression_opts.strategy: 0
2025/05/02-12:32:47.753622 26b0         Options.compression_opts.max_dict_bytes: 0
2025/05/02-12:32:47.753629 26b0         Options.compression_opts.zstd_max_train_bytes: 0
2025/05/02-12:32:47.753634 26b0         Options.compression_opts.use_zstd_dict_trainer: true
2025/05/02-12:32:47.753640 26b0         Options.compression_opts.parallel_threads: 1
2025/05/02-12:32:47.753645 26b0                  Options.compression_opts.enabled: false
2025/05/02-12:32:47.753650 26b0         Options.compression_opts.max_dict_buffer_bytes: 0
2025/05/02-12:32:47.753656 26b0      Options.level0_file_num_compaction_trigger: 4
2025/05/02-12:32:47.753662 26b0          Options.level0_slowdown_writes_trigger: 20
2025/05/02-12:32:47.753668 26b0              Options.level0_stop_writes_trigger: 36
2025/05/02-12:32:47.753674 26b0                   Options.target_file_size_base: 67108864
2025/05/02-12:32:47.753681 26b0             Options.target_file_size_multiplier: 1
2025/05/02-12:32:47.753687 26b0                Options.max_bytes_for_level_base: 268435456
2025/05/02-12:32:47.753696 26b0 Options.level_compaction_dynamic_level_bytes: 1
2025/05/02-12:32:47.753705 26b0          Options.max_bytes_for_level_multiplier: 10.000000
2025/05/02-12:32:47.753712 26b0 Options.max_bytes_for_level_multiplier_addtl[0]: 1
2025/05/02-12:32:47.753718 26b0 Options.max_bytes_for_level_multiplier_addtl[1]: 1
2025/05/02-12:32:47.753724 26b0 Options.max_bytes_for_level_multiplier_addtl[2]: 1
2025/05/02-12:32:47.753730 26b0 Options.max_bytes_for_level_multiplier_addtl[3]: 1
2025/05/02-12:32:47.753736 26b0 Options.max_bytes_for_level_multiplier_addtl[4]: 1
2025/05/02-12:32:47.753742 26b0 Options.max_bytes_for_level_multiplier_addtl[5]: 1
2025/05/02-12:32:47.753749 26b0 Options.max_bytes_for_level_multiplier_addtl[6]: 1
2025/05/02-12:32:47.753755 26b0       Options.max_sequential_skip_in_iterations: 8
2025/05/02-12:32:47.753761 26b0                    Options.max_compaction_bytes: 1677721600
2025/05/02-12:32:47.753768 26b0                        Options.arena_block_size: 1048576
2025/05/02-12:32:47.753775 26b0   Options.soft_pending_compaction_bytes_limit: 68719476736
2025/05/02-12:32:47.753782 26b0   Options.hard_pending_compaction_bytes_limit: 274877906944
2025/05/02-12:32:47.753788 26b0                Options.disable_auto_compactions: 1
2025/05/02-12:32:47.753796 26b0                        Options.compaction_style: kCompactionStyleLevel
2025/05/02-12:32:47.753804 26b0                          Options.compaction_pri: kMinOverlappingRatio
2025/05/02-12:32:47.753810 26b0 Options.compaction_options_universal.size_ratio: 1
2025/05/02-12:32:47.753818 26b0 Options.compaction_options_universal.min_merge_width: 2
2025/05/02-12:32:47.753824 26b0 Options.compaction_options_universal.max_merge_width: 4294967295
2025/05/02-12:32:47.753831 26b0 Options.compaction_options_universal.max_size_amplification_percent: 200
2025/05/02-12:32:47.753838 26b0 Options.compaction_options_universal.compression_size_percent: -1
2025/05/02-12:32:47.753845 26b0 Options.compaction_options_universal.stop_style: kCompactionStopStyleTotalSize
2025/05/02-12:32:47.753851 26b0 Options.compaction_options_universal.max_read_amp: -1
2025/05/02-12:32:47.753857 26b0 Options.compaction_options_fifo.max_table_files_size: 1073741824
2025/05/02-12:32:47.753863 26b0 Options.compaction_options_fifo.allow_compaction: 0
2025/05/02-12:32:47.753877 26b0                   Options.table_properties_collectors: 
2025/05/02-12:32:47.753883 26b0                   Options.inplace_update_support: 0
2025/05/02-12:32:47.753889 26b0                 Options.inplace_update_num_locks: 10000
2025/05/02-12:32:47.753895 26b0               Options.memtable_prefix_bloom_size_ratio: 0.000000
2025/05/02-12:32:47.753902 26b0               Options.memtable_whole_key_filtering: 0
2025/05/02-12:32:47.753908 26b0   Options.memtable_huge_page_size: 0
2025/05/02-12:32:47.753915 26b0                           Options.bloom_locality: 0
2025/05/02-12:32:47.753922 26b0                    Options.max_successive_merges: 0
2025/05/02-12:32:47.753928 26b0             Options.strict_max_successive_merges: 0
2025/05/02-12:32:47.753934 26b0                Options.optimize_filters_for_hits: 0
2025/05/02-12:32:47.753940 26b0                Options.paranoid_file_checks: 0
2025/05/02-12:32:47.753946 26b0                Options.force_consistency_checks: 1
2025/05/02-12:32:47.753953 26b0                Options.report_bg_io_stats: 0
2025/05/02-12:32:47.753959 26b0                               Options.ttl: 0
2025/05/02-12:32:47.753965 26b0          Options.periodic_compaction_seconds: 0
2025/05/02-12:32:47.753972 26b0                        Options.default_temperature: kUnknown
2025/05/02-12:32:47.753978 26b0  Options.preclude_last_level_data_seconds: 0
2025/05/02-12:32:47.753983 26b0    Options.preserve_internal_time_seconds: 0
2025/05/02-12:32:47.753989 26b0                       Options.enable_blob_files: true
2025/05/02-12:32:47.753995 26b0                           Options.min_blob_size: 100
2025/05/02-12:32:47.754002 26b0                          Options.blob_file_size: 268435456
2025/05/02-12:32:47.754010 26b0                   Options.blob_compression_type: LZ4
2025/05/02-12:32:47.754018 26b0          Options.enable_blob_garbage_collection: false
2025/05/02-12:32:47.754026 26b0      Options.blob_garbage_collection_age_cutoff: 0.250000
2025/05/02-12:32:47.754034 26b0 Options.blob_garbage_collection_force_threshold: 1.000000
2025/05/02-12:32:47.754040 26b0          Options.blob_compaction_readahead_size: 0
2025/05/02-12:32:47.754047 26b0                Options.blob_file_starting_level: 0
2025/05/02-12:32:47.754053 26b0         Options.experimental_mempurge_threshold: 0.000000
2025/05/02-12:32:47.754059 26b0            Options.memtable_max_range_deletions: 0
2025/05/02-12:32:47.754460 26b0 [db\db_impl\db_impl.cc:3644] Created column family [] (ID 1)
2025/05/02-12:32:47.755217 26b0 [db\column_family.cc:629] --------------- Options for column family []:
2025/05/02-12:32:47.755240 26b0               Options.comparator: leveldb.BytewiseComparator
2025/05/02-12:32:47.755247 26b0           Options.merge_operator: None
2025/05/02-12:32:47.755253 26b0        Options.compaction_filter: None
2025/05/02-12:32:47.755258 26b0        Options.compaction_filter_factory: None
2025/05/02-12:32:47.755264 26b0  Options.sst_partitioner_factory: None
2025/05/02-12:32:47.755270 26b0         Options.memtable_factory: SkipListFactory
2025/05/02-12:32:47.755276 26b0            Options.table_factory: BlockBasedTable
2025/05/02-12:32:47.755318 26b0            table_factory options:   flush_block_policy_factory: FlushBlockBySizePolicyFactory (000001952741CC70)
  cache_index_and_filter_blocks: 0
  cache_index_and_filter_blocks_with_high_priority: 1
  pin_l0_filter_and_index_blocks_in_cache: 0
  pin_top_level_index_and_filter: 1
  index_type: 0
  data_block_index_type: 0
  index_shortening: 1
  data_block_hash_table_util_ratio: 0.750000
  checksum: 4
  no_block_cache: 0
  block_cache: 000001952940BA30
  block_cache_name: LRUCache
  block_cache_options:
    capacity : 134217728
    num_shard_bits : 6
    strict_capacity_limit : 0
    memory_allocator : None
    high_pri_pool_ratio: 0.000
    low_pri_pool_ratio: 0.000
  persistent_cache: 0000000000000000
  block_size: 32768
  block_size_deviation: 10
  block_restart_interval: 16
  index_block_restart_interval: 1
  metadata_block_size: 4096
  partition_filters: 0
  use_delta_encoding: 1
  filter_policy: bloomfilter
  whole_key_filtering: 1
  verify_compression: 0
  read_amp_bytes_per_bit: 0
  format_version: 5
  enable_index_compression: 1
  block_align: 0
  max_auto_readahead_size: 262144
  prepopulate_block_cache: 0
  initial_auto_readahead_size: 8192
  num_file_reads_for_auto_readahead: 2
2025/05/02-12:32:47.755329 26b0        Options.write_buffer_size: 67108864
2025/05/02-12:32:47.755334 26b0  Options.max_write_buffer_number: 2
2025/05/02-12:32:47.755340 26b0          Options.compression: LZ4
2025/05/02-12:32:47.755345 26b0                  Options.bottommost_compression: Disabled
2025/05/02-12:32:47.755351 26b0       Options.prefix_extractor: nullptr
2025/05/02-12:32:47.755355 26b0   Options.memtable_insert_with_hint_prefix_extractor: nullptr
2025/05/02-12:32:47.755359 26b0             Options.num_levels: 7
2025/05/02-12:32:47.755363 26b0        Options.min_write_buffer_number_to_merge: 1
2025/05/02-12:32:47.755367 26b0     Options.max_write_buffer_number_to_maintain: 0
2025/05/02-12:32:47.755374 26b0     Options.max_write_buffer_size_to_maintain: 134217728
2025/05/02-12:32:47.755378 26b0            Options.bottommost_compression_opts.window_bits: -14
2025/05/02-12:32:47.755382 26b0                  Options.bottommost_compression_opts.level: 32767
2025/05/02-12:32:47.755387 26b0               Options.bottommost_compression_opts.strategy: 0
2025/05/02-12:32:47.755390 26b0         Options.bottommost_compression_opts.max_dict_bytes: 0
2025/05/02-12:32:47.755394 26b0         Options.bottommost_compression_opts.zstd_max_train_bytes: 0
2025/05/02-12:32:47.755398 26b0         Options.bottommost_compression_opts.parallel_threads: 1
2025/05/02-12:32:47.755450 26b0                  Options.bottommost_compression_opts.enabled: false
2025/05/02-12:32:47.755460 26b0         Options.bottommost_compression_opts.max_dict_buffer_bytes: 0
2025/05/02-12:32:47.755466 26b0         Options.bottommost_compression_opts.use_zstd_dict_trainer: true
2025/05/02-12:32:47.755472 26b0            Options.compression_opts.window_bits: -14
2025/05/02-12:32:47.755477 26b0                  Options.compression_opts.level: 32767
2025/05/02-12:32:47.755482 26b0               Options.compression_opts.strategy: 0
2025/05/02-12:32:47.755487 26b0         Options.compression_opts.max_dict_bytes: 0
2025/05/02-12:32:47.755491 26b0         Options.compression_opts.zstd_max_train_bytes: 0
2025/05/02-12:32:47.755497 26b0         Options.compression_opts.use_zstd_dict_trainer: true
2025/05/02-12:32:47.755503 26b0         Options.compression_opts.parallel_threads: 1
2025/05/02-12:32:47.755508 26b0                  Options.compression_opts.enabled: false
2025/05/02-12:32:47.755513 26b0         Options.compression_opts.max_dict_buffer_bytes: 0
2025/05/02-12:32:47.755519 26b0      Options.level0_file_num_compaction_trigger: 4
2025/05/02-12:32:47.755524 26b0          Options.level0_slowdown_writes_trigger: 20
2025/05/02-12:32:47.755528 26b0              Options.level0_stop_writes_trigger: 36
2025/05/02-12:32:47.755533 26b0                   Options.target_file_size_base: 67108864
2025/05/02-12:32:47.755538 26b0             Options.target_file_size_multiplier: 1
2025/05/02-12:32:47.755543 26b0                Options.max_bytes_for_level_base: 268435456
2025/05/02-12:32:47.755547 26b0 Options.level_compaction_dynamic_level_bytes: 1
2025/05/02-12:32:47.755553 26b0          Options.max_bytes_for_level_multiplier: 10.000000
2025/05/02-12:32:47.755560 26b0 Options.max_bytes_for_level_multiplier_addtl[0]: 1
2025/05/02-12:32:47.755565 26b0 Options.max_bytes_for_level_multiplier_addtl[1]: 1
2025/05/02-12:32:47.755570 26b0 Options.max_bytes_for_level_multiplier_addtl[2]: 1
2025/05/02-12:32:47.755576 26b0 Options.max_bytes_for_level_multiplier_addtl[3]: 1
2025/05/02-12:32:47.755581 26b0 Options.max_bytes_for_level_multiplier_addtl[4]: 1
2025/05/02-12:32:47.755586 26b0 Options.max_bytes_for_level_multiplier_addtl[5]: 1
2025/05/02-12:32:47.755592 26b0 Options.max_bytes_for_level_multiplier_addtl[6]: 1
2025/05/02-12:32:47.755597 26b0       Options.max_sequential_skip_in_iterations: 8
2025/05/02-12:32:47.755602 26b0                    Options.max_compaction_bytes: 1677721600
2025/05/02-12:32:47.755608 26b0                        Options.arena_block_size: 1048576
2025/05/02-12:32:47.755614 26b0   Options.soft_pending_compaction_bytes_limit: 68719476736
2025/05/02-12:32:47.755621 26b0   Options.hard_pending_compaction_bytes_limit: 274877906944
2025/05/02-12:32:47.755626 26b0                Options.disable_auto_compactions: 1
2025/05/02-12:32:47.755634 26b0                        Options.compaction_style: kCompactionStyleLevel
2025/05/02-12:32:47.755640 26b0                          Options.compaction_pri: kMinOverlappingRatio
2025/05/02-12:32:47.755646 26b0 Options.compaction_options_universal.size_ratio: 1
2025/05/02-12:32:47.755651 26b0 Options.compaction_options_universal.min_merge_width: 2
2025/05/02-12:32:47.755657 26b0 Options.compaction_options_universal.max_merge_width: 4294967295
2025/05/02-12:32:47.755662 26b0 Options.compaction_options_universal.max_size_amplification_percent: 200
2025/05/02-12:32:47.755667 26b0 Options.compaction_options_universal.compression_size_percent: -1
2025/05/02-12:32:47.755673 26b0 Options.compaction_options_universal.stop_style: kCompactionStopStyleTotalSize
2025/05/02-12:32:47.755678 26b0 Options.compaction_options_universal.max_read_amp: -1
2025/05/02-12:32:47.755683 26b0 Options.compaction_options_fifo.max_table_files_size: 1073741824
2025/05/02-12:32:47.755688 26b0 Options.compaction_options_fifo.allow_compaction: 0
2025/05/02-12:32:47.755697 26b0                   Options.table_properties_collectors: 
2025/05/02-12:32:47.755702 26b0                   Options.inplace_update_support: 0
2025/05/02-12:32:47.755711 26b0                 Options.inplace_update_num_locks: 10000
2025/05/02-12:32:47.755719 26b0               Options.memtable_prefix_bloom_size_ratio: 0.000000
2025/05/02-12:32:47.755724 26b0               Options.memtable_whole_key_filtering: 0
2025/05/02-12:32:47.755729 26b0   Options.memtable_huge_page_size: 0
2025/05/02-12:32:47.755734 26b0                           Options.bloom_locality: 0
2025/05/02-12:32:47.755739 26b0                    Options.max_successive_merges: 0
2025/05/02-12:32:47.755745 26b0             Options.strict_max_successive_merges: 0
2025/05/02-12:32:47.755750 26b0                Options.optimize_filters_for_hits: 0
2025/05/02-12:32:47.755756 26b0                Options.paranoid_file_checks: 0
2025/05/02-12:32:47.755761 26b0                Options.force_consistency_checks: 1
2025/05/02-12:32:47.755766 26b0                Options.report_bg_io_stats: 0
2025/05/02-12:32:47.755772 26b0                               Options.ttl: 0
2025/05/02-12:32:47.755778 26b0          Options.periodic_compaction_seconds: 0
2025/05/02-12:32:47.755784 26b0                        Options.default_temperature: kUnknown
2025/05/02-12:32:47.755789 26b0  Options.preclude_last_level_data_seconds: 0
2025/05/02-12:32:47.755794 26b0    Options.preserve_internal_time_seconds: 0
2025/05/02-12:32:47.755800 26b0                       Options.enable_blob_files: false
2025/05/02-12:32:47.755806 26b0                           Options.min_blob_size: 0
2025/05/02-12:32:47.755811 26b0                          Options.blob_file_size: 268435456
2025/05/02-12:32:47.755817 26b0                   Options.blob_compression_type: NoCompression
2025/05/02-12:32:47.755823 26b0          Options.enable_blob_garbage_collection: false
2025/05/02-12:32:47.755830 26b0      Options.blob_garbage_collection_age_cutoff: 0.250000
2025/05/02-12:32:47.755836 26b0 Options.blob_garbage_collection_force_threshold: 1.000000
2025/05/02-12:32:47.755841 26b0          Options.blob_compaction_readahead_size: 0
2025/05/02-12:32:47.755846 26b0                Options.blob_file_starting_level: 0
2025/05/02-12:32:47.755852 26b0         Options.experimental_mempurge_threshold: 0.000000
2025/05/02-12:32:47.755857 26b0            Options.memtable_max_range_deletions: 0
2025/05/02-12:32:47.756124 26b0 [db\db_impl\db_impl.cc:3644] Created column family [] (ID 2)
2025/05/02-12:32:47.756792 26b0 [db\column_family.cc:629] --------------- Options for column family []:
2025/05/02-12:32:47.756810 26b0               Options.comparator: leveldb.BytewiseComparator
2025/05/02-12:32:47.756814 26b0           Options.merge_operator: None
2025/05/02-12:32:47.756818 26b0        Options.compaction_filter: None
2025/05/02-12:32:47.756822 26b0        Options.compaction_filter_factory: None
2025/05/02-12:32:47.756826 26b0  Options.sst_partitioner_factory: None
2025/05/02-12:32:47.756829 26b0         Options.memtable_factory: SkipListFactory
2025/05/02-12:32:47.756833 26b0            Options.table_factory: BlockBasedTable
