2025/05/02-12:43:36.064224 1c04 RocksDB version: 9.7.3
2025/05/02-12:43:36.064436 1c04 Git sha 0e2801ac30b3f283c3b14e523ba3667eca024f09
2025/05/02-12:43:36.064475 1c04 Compile date 2024-10-25 18:33:05
2025/05/02-12:43:36.064595 1c04 DB SUMMARY
2025/05/02-12:43:36.064619 1c04 Host name (Env):  LAPTOP-1F7HT6L0
2025/05/02-12:43:36.064634 1c04 DB Session ID:  HQNUFJLLH2EZZD4H86EY
2025/05/02-12:43:36.065408 1c04 CURRENT file:  CURRENT
2025/05/02-12:43:36.065430 1c04 IDENTITY file:  IDENTITY
2025/05/02-12:43:36.065511 1c04 MANIFEST file:  MANIFEST-000005 size: 909 Bytes
2025/05/02-12:43:36.065531 1c04 SST files in C:\Users\Behidj Neila\Desktop\manipulationUniversite - Copie (2) - Copie\Hyperledger_Besu\Clique-Network\Node-2\data\database dir, Total Num: 0, files: 
2025/05/02-12:43:36.065830 1c04 Write Ahead Log file in C:\Users\Behidj Neila\Desktop\manipulationUniversite - Copie (2) - Copie\Hyperledger_Besu\Clique-Network\Node-2\data\database: 000004.log size: 59401 ; 
2025/05/02-12:43:36.065843 1c04                         Options.error_if_exists: 0
2025/05/02-12:43:36.065848 1c04                       Options.create_if_missing: 1
2025/05/02-12:43:36.065853 1c04                         Options.paranoid_checks: 1
2025/05/02-12:43:36.065857 1c04             Options.flush_verify_memtable_count: 1
2025/05/02-12:43:36.065861 1c04          Options.compaction_verify_record_count: 1
2025/05/02-12:43:36.065866 1c04                               Options.track_and_verify_wals_in_manifest: 0
2025/05/02-12:43:36.065870 1c04        Options.verify_sst_unique_id_in_manifest: 1
2025/05/02-12:43:36.065875 1c04                                     Options.env: 0000023EA1AF0F00
2025/05/02-12:43:36.065880 1c04                                      Options.fs: WinFS
2025/05/02-12:43:36.065885 1c04                                Options.info_log: 0000023E9E482170
2025/05/02-12:43:36.065889 1c04                Options.max_file_opening_threads: 16
2025/05/02-12:43:36.065894 1c04                              Options.statistics: 0000023E9E5E4CB0
2025/05/02-12:43:36.065899 1c04                              Options.statistics stats level: 3
2025/05/02-12:43:36.065903 1c04                               Options.use_fsync: 0
2025/05/02-12:43:36.065908 1c04                       Options.max_log_file_size: 0
2025/05/02-12:43:36.065913 1c04                  Options.max_manifest_file_size: 1073741824
2025/05/02-12:43:36.065917 1c04                   Options.log_file_time_to_roll: 86400
2025/05/02-12:43:36.065924 1c04                       Options.keep_log_file_num: 7
2025/05/02-12:43:36.065928 1c04                    Options.recycle_log_file_num: 16
2025/05/02-12:43:36.065933 1c04                         Options.allow_fallocate: 1
2025/05/02-12:43:36.065937 1c04                        Options.allow_mmap_reads: 0
2025/05/02-12:43:36.065942 1c04                       Options.allow_mmap_writes: 0
2025/05/02-12:43:36.065946 1c04                        Options.use_direct_reads: 0
2025/05/02-12:43:36.065950 1c04                        Options.use_direct_io_for_flush_and_compaction: 0
2025/05/02-12:43:36.065955 1c04          Options.create_missing_column_families: 1
2025/05/02-12:43:36.065959 1c04                              Options.db_log_dir: 
2025/05/02-12:43:36.065964 1c04                                 Options.wal_dir: 
2025/05/02-12:43:36.065970 1c04                Options.table_cache_numshardbits: 6
2025/05/02-12:43:36.065974 1c04                         Options.WAL_ttl_seconds: 0
2025/05/02-12:43:36.065979 1c04                       Options.WAL_size_limit_MB: 0
2025/05/02-12:43:36.065983 1c04                        Options.max_write_batch_group_size_bytes: 1048576
2025/05/02-12:43:36.065988 1c04             Options.manifest_preallocation_size: 4194304
2025/05/02-12:43:36.065992 1c04                     Options.is_fd_close_on_exec: 1
2025/05/02-12:43:36.065997 1c04                   Options.advise_random_on_open: 1
2025/05/02-12:43:36.066001 1c04                    Options.db_write_buffer_size: 0
2025/05/02-12:43:36.066005 1c04                    Options.write_buffer_manager: 0000023EA1AF3930
2025/05/02-12:43:36.066049 1c04           Options.random_access_max_buffer_size: 1048576
2025/05/02-12:43:36.066057 1c04                      Options.use_adaptive_mutex: 0
2025/05/02-12:43:36.066063 1c04                            Options.rate_limiter: 0000000000000000
2025/05/02-12:43:36.066068 1c04     Options.sst_file_manager.rate_bytes_per_sec: 0
2025/05/02-12:43:36.066073 1c04                       Options.wal_recovery_mode: 2
2025/05/02-12:43:36.066077 1c04                  Options.enable_thread_tracking: 0
2025/05/02-12:43:36.066081 1c04                  Options.enable_pipelined_write: 0
2025/05/02-12:43:36.066086 1c04                  Options.unordered_write: 0
2025/05/02-12:43:36.066090 1c04         Options.allow_concurrent_memtable_write: 1
2025/05/02-12:43:36.066094 1c04      Options.enable_write_thread_adaptive_yield: 1
2025/05/02-12:43:36.066100 1c04             Options.write_thread_max_yield_usec: 100
2025/05/02-12:43:36.066104 1c04            Options.write_thread_slow_yield_usec: 3
2025/05/02-12:43:36.066109 1c04                               Options.row_cache: None
2025/05/02-12:43:36.066113 1c04                              Options.wal_filter: None
2025/05/02-12:43:36.066118 1c04             Options.avoid_flush_during_recovery: 0
2025/05/02-12:43:36.066122 1c04             Options.allow_ingest_behind: 0
2025/05/02-12:43:36.066126 1c04             Options.two_write_queues: 0
2025/05/02-12:43:36.066130 1c04             Options.manual_wal_flush: 0
2025/05/02-12:43:36.066134 1c04             Options.wal_compression: 0
2025/05/02-12:43:36.066139 1c04             Options.background_close_inactive_wals: 0
2025/05/02-12:43:36.066143 1c04             Options.atomic_flush: 0
2025/05/02-12:43:36.066147 1c04             Options.avoid_unnecessary_blocking_io: 0
2025/05/02-12:43:36.066152 1c04             Options.prefix_seek_opt_in_only: 0
2025/05/02-12:43:36.066156 1c04                 Options.persist_stats_to_disk: 0
2025/05/02-12:43:36.066160 1c04                 Options.write_dbid_to_manifest: 1
2025/05/02-12:43:36.066165 1c04                 Options.write_identity_file: 1
2025/05/02-12:43:36.066169 1c04                 Options.log_readahead_size: 0
2025/05/02-12:43:36.066175 1c04                 Options.file_checksum_gen_factory: Unknown
2025/05/02-12:43:36.066179 1c04                 Options.best_efforts_recovery: 0
2025/05/02-12:43:36.066184 1c04                Options.max_bgerror_resume_count: 2147483647
2025/05/02-12:43:36.066188 1c04            Options.bgerror_resume_retry_interval: 1000000
2025/05/02-12:43:36.066194 1c04             Options.allow_data_in_errors: 0
2025/05/02-12:43:36.066198 1c04             Options.db_host_id: __hostname__
2025/05/02-12:43:36.066203 1c04             Options.enforce_single_del_contracts: true
2025/05/02-12:43:36.066208 1c04             Options.metadata_write_temperature: kUnknown
2025/05/02-12:43:36.066212 1c04             Options.wal_write_temperature: kUnknown
2025/05/02-12:43:36.066216 1c04             Options.max_background_jobs: 2
2025/05/02-12:43:36.066221 1c04             Options.max_background_compactions: -1
2025/05/02-12:43:36.066225 1c04             Options.max_subcompactions: 1
2025/05/02-12:43:36.066229 1c04             Options.avoid_flush_during_shutdown: 0
2025/05/02-12:43:36.066234 1c04           Options.writable_file_max_buffer_size: 1048576
2025/05/02-12:43:36.066238 1c04             Options.delayed_write_rate : 16777216
2025/05/02-12:43:36.066242 1c04             Options.max_total_wal_size: 1073741824
2025/05/02-12:43:36.066247 1c04             Options.delete_obsolete_files_period_micros: 21600000000
2025/05/02-12:43:36.066252 1c04                   Options.stats_dump_period_sec: 600
2025/05/02-12:43:36.066256 1c04                 Options.stats_persist_period_sec: 600
2025/05/02-12:43:36.066260 1c04                 Options.stats_history_buffer_size: 1048576
2025/05/02-12:43:36.066265 1c04                          Options.max_open_files: 1024
2025/05/02-12:43:36.066269 1c04                          Options.bytes_per_sync: 0
2025/05/02-12:43:36.066273 1c04                      Options.wal_bytes_per_sync: 0
2025/05/02-12:43:36.066297 1c04                   Options.strict_bytes_per_sync: 0
2025/05/02-12:43:36.066303 1c04       Options.compaction_readahead_size: 2097152
2025/05/02-12:43:36.066307 1c04                  Options.max_background_flushes: -1
2025/05/02-12:43:36.066311 1c04 Options.daily_offpeak_time_utc: 
2025/05/02-12:43:36.066326 1c04 Compression algorithms supported:
2025/05/02-12:43:36.066332 1c04 	kZSTD supported: 1
2025/05/02-12:43:36.066337 1c04 	kSnappyCompression supported: 1
2025/05/02-12:43:36.066342 1c04 	kBZip2Compression supported: 0
2025/05/02-12:43:36.066346 1c04 	kZlibCompression supported: 1
2025/05/02-12:43:36.066350 1c04 	kLZ4Compression supported: 1
2025/05/02-12:43:36.066355 1c04 	kXpressCompression supported: 0
2025/05/02-12:43:36.066359 1c04 	kLZ4HCCompression supported: 1
2025/05/02-12:43:36.066363 1c04 	kZSTDNotFinalCompression supported: 1
2025/05/02-12:43:36.066368 1c04 Fast CRC32 supported: Not supported on x86
2025/05/02-12:43:36.066372 1c04 DMutex implementation: std::mutex
2025/05/02-12:43:36.066377 1c04 Jemalloc supported: 0
2025/05/02-12:43:36.067426 1c04 [db\version_set.cc:6068] Recovering from manifest file: C:\Users\Behidj Neila\Desktop\manipulationUniversite - Copie (2) - Copie\Hyperledger_Besu\Clique-Network\Node-2\data\database/MANIFEST-000005
2025/05/02-12:43:36.067683 1c04 [db\column_family.cc:629] --------------- Options for column family [default]:
2025/05/02-12:43:36.067699 1c04               Options.comparator: leveldb.BytewiseComparator
2025/05/02-12:43:36.067707 1c04           Options.merge_operator: None
2025/05/02-12:43:36.067711 1c04        Options.compaction_filter: None
2025/05/02-12:43:36.067715 1c04        Options.compaction_filter_factory: None
2025/05/02-12:43:36.067719 1c04  Options.sst_partitioner_factory: None
2025/05/02-12:43:36.067723 1c04         Options.memtable_factory: SkipListFactory
2025/05/02-12:43:36.067728 1c04            Options.table_factory: BlockBasedTable
2025/05/02-12:43:36.067753 1c04            table_factory options:   flush_block_policy_factory: FlushBlockBySizePolicyFactory (0000023E9FA42190)
  cache_index_and_filter_blocks: 0
  cache_index_and_filter_blocks_with_high_priority: 1
  pin_l0_filter_and_index_blocks_in_cache: 0
  pin_top_level_index_and_filter: 1
  index_type: 0
  data_block_index_type: 0
  index_shortening: 1
  data_block_hash_table_util_ratio: 0.750000
  checksum: 4
  no_block_cache: 0
  block_cache: 0000023EA1F87CB0
  block_cache_name: LRUCache
  block_cache_options:
    capacity : 134217728
    num_shard_bits : 6
    strict_capacity_limit : 0
    memory_allocator : None
    high_pri_pool_ratio: 0.000
    low_pri_pool_ratio: 0.000
  persistent_cache: 0000000000000000
  block_size: 32768
  block_size_deviation: 10
  block_restart_interval: 16
  index_block_restart_interval: 1
  metadata_block_size: 4096
  partition_filters: 0
  use_delta_encoding: 1
  filter_policy: bloomfilter
  whole_key_filtering: 1
  verify_compression: 0
  read_amp_bytes_per_bit: 0
  format_version: 5
  enable_index_compression: 1
  block_align: 0
  max_auto_readahead_size: 262144
  prepopulate_block_cache: 0
  initial_auto_readahead_size: 8192
  num_file_reads_for_auto_readahead: 2
2025/05/02-12:43:36.067758 1c04        Options.write_buffer_size: 67108864
2025/05/02-12:43:36.067762 1c04  Options.max_write_buffer_number: 2
2025/05/02-12:43:36.067766 1c04          Options.compression: LZ4
2025/05/02-12:43:36.067770 1c04                  Options.bottommost_compression: Disabled
2025/05/02-12:43:36.067774 1c04       Options.prefix_extractor: nullptr
2025/05/02-12:43:36.067778 1c04   Options.memtable_insert_with_hint_prefix_extractor: nullptr
2025/05/02-12:43:36.067781 1c04             Options.num_levels: 7
2025/05/02-12:43:36.067785 1c04        Options.min_write_buffer_number_to_merge: 1
2025/05/02-12:43:36.067789 1c04     Options.max_write_buffer_number_to_maintain: 0
2025/05/02-12:43:36.067793 1c04     Options.max_write_buffer_size_to_maintain: 134217728
2025/05/02-12:43:36.067797 1c04            Options.bottommost_compression_opts.window_bits: -14
2025/05/02-12:43:36.067807 1c04                  Options.bottommost_compression_opts.level: 32767
2025/05/02-12:43:36.067820 1c04               Options.bottommost_compression_opts.strategy: 0
2025/05/02-12:43:36.067829 1c04         Options.bottommost_compression_opts.max_dict_bytes: 0
2025/05/02-12:43:36.067839 1c04         Options.bottommost_compression_opts.zstd_max_train_bytes: 0
2025/05/02-12:43:36.067848 1c04         Options.bottommost_compression_opts.parallel_threads: 1
2025/05/02-12:43:36.067857 1c04                  Options.bottommost_compression_opts.enabled: false
2025/05/02-12:43:36.067866 1c04         Options.bottommost_compression_opts.max_dict_buffer_bytes: 0
2025/05/02-12:43:36.067875 1c04         Options.bottommost_compression_opts.use_zstd_dict_trainer: true
2025/05/02-12:43:36.067884 1c04            Options.compression_opts.window_bits: -14
2025/05/02-12:43:36.067894 1c04                  Options.compression_opts.level: 32767
2025/05/02-12:43:36.067903 1c04               Options.compression_opts.strategy: 0
2025/05/02-12:43:36.067911 1c04         Options.compression_opts.max_dict_bytes: 0
2025/05/02-12:43:36.067923 1c04         Options.compression_opts.zstd_max_train_bytes: 0
2025/05/02-12:43:36.067933 1c04         Options.compression_opts.use_zstd_dict_trainer: true
2025/05/02-12:43:36.067941 1c04         Options.compression_opts.parallel_threads: 1
2025/05/02-12:43:36.067950 1c04                  Options.compression_opts.enabled: false
2025/05/02-12:43:36.067959 1c04         Options.compression_opts.max_dict_buffer_bytes: 0
2025/05/02-12:43:36.067968 1c04      Options.level0_file_num_compaction_trigger: 4
2025/05/02-12:43:36.067977 1c04          Options.level0_slowdown_writes_trigger: 20
2025/05/02-12:43:36.067986 1c04              Options.level0_stop_writes_trigger: 36
2025/05/02-12:43:36.067996 1c04                   Options.target_file_size_base: 67108864
2025/05/02-12:43:36.068005 1c04             Options.target_file_size_multiplier: 1
2025/05/02-12:43:36.068014 1c04                Options.max_bytes_for_level_base: 268435456
2025/05/02-12:43:36.068023 1c04 Options.level_compaction_dynamic_level_bytes: 1
2025/05/02-12:43:36.068033 1c04          Options.max_bytes_for_level_multiplier: 10.000000
2025/05/02-12:43:36.068043 1c04 Options.max_bytes_for_level_multiplier_addtl[0]: 1
2025/05/02-12:43:36.068052 1c04 Options.max_bytes_for_level_multiplier_addtl[1]: 1
2025/05/02-12:43:36.068061 1c04 Options.max_bytes_for_level_multiplier_addtl[2]: 1
2025/05/02-12:43:36.068070 1c04 Options.max_bytes_for_level_multiplier_addtl[3]: 1
2025/05/02-12:43:36.068078 1c04 Options.max_bytes_for_level_multiplier_addtl[4]: 1
2025/05/02-12:43:36.068087 1c04 Options.max_bytes_for_level_multiplier_addtl[5]: 1
2025/05/02-12:43:36.068096 1c04 Options.max_bytes_for_level_multiplier_addtl[6]: 1
2025/05/02-12:43:36.068105 1c04       Options.max_sequential_skip_in_iterations: 8
2025/05/02-12:43:36.068114 1c04                    Options.max_compaction_bytes: 1677721600
2025/05/02-12:43:36.068123 1c04                        Options.arena_block_size: 1048576
2025/05/02-12:43:36.068132 1c04   Options.soft_pending_compaction_bytes_limit: 68719476736
2025/05/02-12:43:36.068141 1c04   Options.hard_pending_compaction_bytes_limit: 274877906944
2025/05/02-12:43:36.068149 1c04                Options.disable_auto_compactions: 1
2025/05/02-12:43:36.068160 1c04                        Options.compaction_style: kCompactionStyleLevel
2025/05/02-12:43:36.068170 1c04                          Options.compaction_pri: kMinOverlappingRatio
2025/05/02-12:43:36.068179 1c04 Options.compaction_options_universal.size_ratio: 1
2025/05/02-12:43:36.068190 1c04 Options.compaction_options_universal.min_merge_width: 2
2025/05/02-12:43:36.068199 1c04 Options.compaction_options_universal.max_merge_width: 4294967295
2025/05/02-12:43:36.068209 1c04 Options.compaction_options_universal.max_size_amplification_percent: 200
2025/05/02-12:43:36.068218 1c04 Options.compaction_options_universal.compression_size_percent: -1
2025/05/02-12:43:36.068294 1c04 Options.compaction_options_universal.stop_style: kCompactionStopStyleTotalSize
2025/05/02-12:43:36.068311 1c04 Options.compaction_options_universal.max_read_amp: -1
2025/05/02-12:43:36.068320 1c04 Options.compaction_options_fifo.max_table_files_size: 1073741824
2025/05/02-12:43:36.068330 1c04 Options.compaction_options_fifo.allow_compaction: 0
2025/05/02-12:43:36.068342 1c04                   Options.table_properties_collectors: 
2025/05/02-12:43:36.068351 1c04                   Options.inplace_update_support: 0
2025/05/02-12:43:36.068360 1c04                 Options.inplace_update_num_locks: 10000
2025/05/02-12:43:36.068370 1c04               Options.memtable_prefix_bloom_size_ratio: 0.000000
2025/05/02-12:43:36.068391 1c04               Options.memtable_whole_key_filtering: 0
2025/05/02-12:43:36.068400 1c04   Options.memtable_huge_page_size: 0
2025/05/02-12:43:36.068409 1c04                           Options.bloom_locality: 0
2025/05/02-12:43:36.068418 1c04                    Options.max_successive_merges: 0
2025/05/02-12:43:36.068427 1c04             Options.strict_max_successive_merges: 0
2025/05/02-12:43:36.068436 1c04                Options.optimize_filters_for_hits: 0
2025/05/02-12:43:36.068445 1c04                Options.paranoid_file_checks: 0
2025/05/02-12:43:36.068453 1c04                Options.force_consistency_checks: 1
2025/05/02-12:43:36.068462 1c04                Options.report_bg_io_stats: 0
2025/05/02-12:43:36.068471 1c04                               Options.ttl: 0
2025/05/02-12:43:36.068480 1c04          Options.periodic_compaction_seconds: 0
2025/05/02-12:43:36.068489 1c04                        Options.default_temperature: kUnknown
2025/05/02-12:43:36.068498 1c04  Options.preclude_last_level_data_seconds: 0
2025/05/02-12:43:36.068506 1c04    Options.preserve_internal_time_seconds: 0
2025/05/02-12:43:36.068515 1c04                       Options.enable_blob_files: false
2025/05/02-12:43:36.068524 1c04                           Options.min_blob_size: 0
2025/05/02-12:43:36.068536 1c04                          Options.blob_file_size: 268435456
2025/05/02-12:43:36.068545 1c04                   Options.blob_compression_type: NoCompression
2025/05/02-12:43:36.068554 1c04          Options.enable_blob_garbage_collection: false
2025/05/02-12:43:36.068564 1c04      Options.blob_garbage_collection_age_cutoff: 0.250000
2025/05/02-12:43:36.068574 1c04 Options.blob_garbage_collection_force_threshold: 1.000000
2025/05/02-12:43:36.068583 1c04          Options.blob_compaction_readahead_size: 0
2025/05/02-12:43:36.068592 1c04                Options.blob_file_starting_level: 0
2025/05/02-12:43:36.068601 1c04         Options.experimental_mempurge_threshold: 0.000000
2025/05/02-12:43:36.068610 1c04            Options.memtable_max_range_deletions: 0
2025/05/02-12:43:36.069020 1c04 [db\column_family.cc:629] --------------- Options for column family []:
2025/05/02-12:43:36.069035 1c04               Options.comparator: leveldb.BytewiseComparator
2025/05/02-12:43:36.069044 1c04           Options.merge_operator: None
2025/05/02-12:43:36.069051 1c04        Options.compaction_filter: None
2025/05/02-12:43:36.069059 1c04        Options.compaction_filter_factory: None
2025/05/02-12:43:36.069070 1c04  Options.sst_partitioner_factory: None
2025/05/02-12:43:36.069078 1c04         Options.memtable_factory: SkipListFactory
2025/05/02-12:43:36.069087 1c04            Options.table_factory: BlockBasedTable
2025/05/02-12:43:36.069128 1c04            table_factory options:   flush_block_policy_factory: FlushBlockBySizePolicyFactory (0000023EA0CB2A50)
  cache_index_and_filter_blocks: 0
  cache_index_and_filter_blocks_with_high_priority: 1
  pin_l0_filter_and_index_blocks_in_cache: 0
  pin_top_level_index_and_filter: 1
  index_type: 0
  data_block_index_type: 0
  index_shortening: 1
  data_block_hash_table_util_ratio: 0.750000
  checksum: 4
  no_block_cache: 0
  block_cache: 0000023EA1F890E0
  block_cache_name: LRUCache
  block_cache_options:
    capacity : 134217728
    num_shard_bits : 6
    strict_capacity_limit : 0
    memory_allocator : None
    high_pri_pool_ratio: 0.000
    low_pri_pool_ratio: 0.000
  persistent_cache: 0000000000000000
  block_size: 32768
  block_size_deviation: 10
  block_restart_interval: 16
  index_block_restart_interval: 1
  metadata_block_size: 4096
  partition_filters: 0
  use_delta_encoding: 1
  filter_policy: bloomfilter
  whole_key_filtering: 1
  verify_compression: 0
  read_amp_bytes_per_bit: 0
  format_version: 5
  enable_index_compression: 1
  block_align: 0
  max_auto_readahead_size: 262144
  prepopulate_block_cache: 0
  initial_auto_readahead_size: 8192
  num_file_reads_for_auto_readahead: 2
2025/05/02-12:43:36.069142 1c04        Options.write_buffer_size: 67108864
2025/05/02-12:43:36.069153 1c04  Options.max_write_buffer_number: 2
2025/05/02-12:43:36.069161 1c04          Options.compression: LZ4
2025/05/02-12:43:36.069169 1c04                  Options.bottommost_compression: Disabled
2025/05/02-12:43:36.069177 1c04       Options.prefix_extractor: nullptr
2025/05/02-12:43:36.069187 1c04   Options.memtable_insert_with_hint_prefix_extractor: nullptr
2025/05/02-12:43:36.069196 1c04             Options.num_levels: 7
2025/05/02-12:43:36.069204 1c04        Options.min_write_buffer_number_to_merge: 1
2025/05/02-12:43:36.069212 1c04     Options.max_write_buffer_number_to_maintain: 0
2025/05/02-12:43:36.069220 1c04     Options.max_write_buffer_size_to_maintain: 134217728
2025/05/02-12:43:36.069229 1c04            Options.bottommost_compression_opts.window_bits: -14
2025/05/02-12:43:36.069237 1c04                  Options.bottommost_compression_opts.level: 32767
2025/05/02-12:43:36.069246 1c04               Options.bottommost_compression_opts.strategy: 0
2025/05/02-12:43:36.069254 1c04         Options.bottommost_compression_opts.max_dict_bytes: 0
2025/05/02-12:43:36.069263 1c04         Options.bottommost_compression_opts.zstd_max_train_bytes: 0
2025/05/02-12:43:36.069271 1c04         Options.bottommost_compression_opts.parallel_threads: 1
2025/05/02-12:43:36.069280 1c04                  Options.bottommost_compression_opts.enabled: false
2025/05/02-12:43:36.069288 1c04         Options.bottommost_compression_opts.max_dict_buffer_bytes: 0
2025/05/02-12:43:36.069297 1c04         Options.bottommost_compression_opts.use_zstd_dict_trainer: true
2025/05/02-12:43:36.069305 1c04            Options.compression_opts.window_bits: -14
2025/05/02-12:43:36.069314 1c04                  Options.compression_opts.level: 32767
2025/05/02-12:43:36.069322 1c04               Options.compression_opts.strategy: 0
2025/05/02-12:43:36.069331 1c04         Options.compression_opts.max_dict_bytes: 0
2025/05/02-12:43:36.069339 1c04         Options.compression_opts.zstd_max_train_bytes: 0
2025/05/02-12:43:36.069347 1c04         Options.compression_opts.use_zstd_dict_trainer: true
2025/05/02-12:43:36.069356 1c04         Options.compression_opts.parallel_threads: 1
2025/05/02-12:43:36.069365 1c04                  Options.compression_opts.enabled: false
2025/05/02-12:43:36.069373 1c04         Options.compression_opts.max_dict_buffer_bytes: 0
2025/05/02-12:43:36.069381 1c04      Options.level0_file_num_compaction_trigger: 4
2025/05/02-12:43:36.069389 1c04          Options.level0_slowdown_writes_trigger: 20
2025/05/02-12:43:36.069397 1c04              Options.level0_stop_writes_trigger: 36
2025/05/02-12:43:36.069406 1c04                   Options.target_file_size_base: 67108864
2025/05/02-12:43:36.069414 1c04             Options.target_file_size_multiplier: 1
2025/05/02-12:43:36.069422 1c04                Options.max_bytes_for_level_base: 268435456
2025/05/02-12:43:36.069430 1c04 Options.level_compaction_dynamic_level_bytes: 1
2025/05/02-12:43:36.069440 1c04          Options.max_bytes_for_level_multiplier: 10.000000
2025/05/02-12:43:36.069451 1c04 Options.max_bytes_for_level_multiplier_addtl[0]: 1
2025/05/02-12:43:36.069459 1c04 Options.max_bytes_for_level_multiplier_addtl[1]: 1
2025/05/02-12:43:36.069467 1c04 Options.max_bytes_for_level_multiplier_addtl[2]: 1
2025/05/02-12:43:36.069475 1c04 Options.max_bytes_for_level_multiplier_addtl[3]: 1
2025/05/02-12:43:36.069486 1c04 Options.max_bytes_for_level_multiplier_addtl[4]: 1
2025/05/02-12:43:36.069496 1c04 Options.max_bytes_for_level_multiplier_addtl[5]: 1
2025/05/02-12:43:36.069504 1c04 Options.max_bytes_for_level_multiplier_addtl[6]: 1
2025/05/02-12:43:36.069512 1c04       Options.max_sequential_skip_in_iterations: 8
2025/05/02-12:43:36.069537 1c04                    Options.max_compaction_bytes: 1677721600
2025/05/02-12:43:36.069546 1c04                        Options.arena_block_size: 1048576
2025/05/02-12:43:36.069554 1c04   Options.soft_pending_compaction_bytes_limit: 68719476736
2025/05/02-12:43:36.069563 1c04   Options.hard_pending_compaction_bytes_limit: 274877906944
2025/05/02-12:43:36.069571 1c04                Options.disable_auto_compactions: 1
2025/05/02-12:43:36.069580 1c04                        Options.compaction_style: kCompactionStyleLevel
2025/05/02-12:43:36.069589 1c04                          Options.compaction_pri: kMinOverlappingRatio
2025/05/02-12:43:36.069597 1c04 Options.compaction_options_universal.size_ratio: 1
2025/05/02-12:43:36.069606 1c04 Options.compaction_options_universal.min_merge_width: 2
2025/05/02-12:43:36.069628 1c04 Options.compaction_options_universal.max_merge_width: 4294967295
2025/05/02-12:43:36.069638 1c04 Options.compaction_options_universal.max_size_amplification_percent: 200
2025/05/02-12:43:36.069646 1c04 Options.compaction_options_universal.compression_size_percent: -1
2025/05/02-12:43:36.069655 1c04 Options.compaction_options_universal.stop_style: kCompactionStopStyleTotalSize
2025/05/02-12:43:36.069664 1c04 Options.compaction_options_universal.max_read_amp: -1
2025/05/02-12:43:36.069672 1c04 Options.compaction_options_fifo.max_table_files_size: 1073741824
2025/05/02-12:43:36.069681 1c04 Options.compaction_options_fifo.allow_compaction: 0
2025/05/02-12:43:36.069691 1c04                   Options.table_properties_collectors: 
2025/05/02-12:43:36.069700 1c04                   Options.inplace_update_support: 0
2025/05/02-12:43:36.069708 1c04                 Options.inplace_update_num_locks: 10000
2025/05/02-12:43:36.069717 1c04               Options.memtable_prefix_bloom_size_ratio: 0.000000
2025/05/02-12:43:36.069726 1c04               Options.memtable_whole_key_filtering: 0
2025/05/02-12:43:36.069734 1c04   Options.memtable_huge_page_size: 0
2025/05/02-12:43:36.069742 1c04                           Options.bloom_locality: 0
2025/05/02-12:43:36.069750 1c04                    Options.max_successive_merges: 0
2025/05/02-12:43:36.069759 1c04             Options.strict_max_successive_merges: 0
2025/05/02-12:43:36.069767 1c04                Options.optimize_filters_for_hits: 0
2025/05/02-12:43:36.069775 1c04                Options.paranoid_file_checks: 0
2025/05/02-12:43:36.069783 1c04                Options.force_consistency_checks: 1
2025/05/02-12:43:36.069791 1c04                Options.report_bg_io_stats: 0
2025/05/02-12:43:36.069799 1c04                               Options.ttl: 0
2025/05/02-12:43:36.069808 1c04          Options.periodic_compaction_seconds: 0
2025/05/02-12:43:36.069816 1c04                        Options.default_temperature: kUnknown
2025/05/02-12:43:36.069824 1c04  Options.preclude_last_level_data_seconds: 0
2025/05/02-12:43:36.069832 1c04    Options.preserve_internal_time_seconds: 0
2025/05/02-12:43:36.069841 1c04                       Options.enable_blob_files: true
2025/05/02-12:43:36.069849 1c04                           Options.min_blob_size: 100
2025/05/02-12:43:36.069857 1c04                          Options.blob_file_size: 268435456
2025/05/02-12:43:36.069866 1c04                   Options.blob_compression_type: LZ4
2025/05/02-12:43:36.069874 1c04          Options.enable_blob_garbage_collection: false
2025/05/02-12:43:36.069883 1c04      Options.blob_garbage_collection_age_cutoff: 0.250000
2025/05/02-12:43:36.069892 1c04 Options.blob_garbage_collection_force_threshold: 1.000000
2025/05/02-12:43:36.069901 1c04          Options.blob_compaction_readahead_size: 0
2025/05/02-12:43:36.069909 1c04                Options.blob_file_starting_level: 0
2025/05/02-12:43:36.069921 1c04         Options.experimental_mempurge_threshold: 0.000000
2025/05/02-12:43:36.069931 1c04            Options.memtable_max_range_deletions: 0
2025/05/02-12:43:36.070023 1c04 [db\column_family.cc:629] --------------- Options for column family []:
2025/05/02-12:43:36.070035 1c04               Options.comparator: leveldb.BytewiseComparator
2025/05/02-12:43:36.070043 1c04           Options.merge_operator: None
2025/05/02-12:43:36.070051 1c04        Options.compaction_filter: None
2025/05/02-12:43:36.070059 1c04        Options.compaction_filter_factory: None
2025/05/02-12:43:36.070066 1c04  Options.sst_partitioner_factory: None
2025/05/02-12:43:36.070074 1c04         Options.memtable_factory: SkipListFactory
2025/05/02-12:43:36.070082 1c04            Options.table_factory: BlockBasedTable
2025/05/02-12:43:36.070122 1c04            table_factory options:   flush_block_policy_factory: FlushBlockBySizePolicyFactory (0000023E9FA46D80)
  cache_index_and_filter_blocks: 0
  cache_index_and_filter_blocks_with_high_priority: 1
  pin_l0_filter_and_index_blocks_in_cache: 0
  pin_top_level_index_and_filter: 1
  index_type: 0
  data_block_index_type: 0
  index_shortening: 1
  data_block_hash_table_util_ratio: 0.750000
  checksum: 4
  no_block_cache: 0
  block_cache: 0000023EA1F89C90
  block_cache_name: LRUCache
  block_cache_options:
    capacity : 134217728
    num_shard_bits : 6
    strict_capacity_limit : 0
    memory_allocator : None
    high_pri_pool_ratio: 0.000
    low_pri_pool_ratio: 0.000
  persistent_cache: 0000000000000000
  block_size: 32768
  block_size_deviation: 10
  block_restart_interval: 16
  index_block_restart_interval: 1
  metadata_block_size: 4096
  partition_filters: 0
  use_delta_encoding: 1
  filter_policy: bloomfilter
  whole_key_filtering: 1
  verify_compression: 0
  read_amp_bytes_per_bit: 0
  format_version: 5
  enable_index_compression: 1
  block_align: 0
  max_auto_readahead_size: 262144
  prepopulate_block_cache: 0
  initial_auto_readahead_size: 8192
  num_file_reads_for_auto_readahead: 2
2025/05/02-12:43:36.070133 1c04        Options.write_buffer_size: 67108864
2025/05/02-12:43:36.070141 1c04  Options.max_write_buffer_number: 2
2025/05/02-12:43:36.070149 1c04          Options.compression: LZ4
2025/05/02-12:43:36.070157 1c04                  Options.bottommost_compression: Disabled
2025/05/02-12:43:36.070165 1c04       Options.prefix_extractor: nullptr
2025/05/02-12:43:36.070173 1c04   Options.memtable_insert_with_hint_prefix_extractor: nullptr
2025/05/02-12:43:36.070181 1c04             Options.num_levels: 7
2025/05/02-12:43:36.070189 1c04        Options.min_write_buffer_number_to_merge: 1
2025/05/02-12:43:36.070197 1c04     Options.max_write_buffer_number_to_maintain: 0
2025/05/02-12:43:36.070205 1c04     Options.max_write_buffer_size_to_maintain: 134217728
2025/05/02-12:43:36.070214 1c04            Options.bottommost_compression_opts.window_bits: -14
2025/05/02-12:43:36.070222 1c04                  Options.bottommost_compression_opts.level: 32767
2025/05/02-12:43:36.070231 1c04               Options.bottommost_compression_opts.strategy: 0
2025/05/02-12:43:36.070241 1c04         Options.bottommost_compression_opts.max_dict_bytes: 0
2025/05/02-12:43:36.070250 1c04         Options.bottommost_compression_opts.zstd_max_train_bytes: 0
2025/05/02-12:43:36.070258 1c04         Options.bottommost_compression_opts.parallel_threads: 1
2025/05/02-12:43:36.070267 1c04                  Options.bottommost_compression_opts.enabled: false
2025/05/02-12:43:36.070282 1c04         Options.bottommost_compression_opts.max_dict_buffer_bytes: 0
2025/05/02-12:43:36.070290 1c04         Options.bottommost_compression_opts.use_zstd_dict_trainer: true
2025/05/02-12:43:36.070299 1c04            Options.compression_opts.window_bits: -14
2025/05/02-12:43:36.070307 1c04                  Options.compression_opts.level: 32767
2025/05/02-12:43:36.070315 1c04               Options.compression_opts.strategy: 0
2025/05/02-12:43:36.070324 1c04         Options.compression_opts.max_dict_bytes: 0
2025/05/02-12:43:36.070400 1c04         Options.compression_opts.zstd_max_train_bytes: 0
2025/05/02-12:43:36.070414 1c04         Options.compression_opts.use_zstd_dict_trainer: true
2025/05/02-12:43:36.070422 1c04         Options.compression_opts.parallel_threads: 1
2025/05/02-12:43:36.070431 1c04                  Options.compression_opts.enabled: false
2025/05/02-12:43:36.070475 1c04         Options.compression_opts.max_dict_buffer_bytes: 0
2025/05/02-12:43:36.070483 1c04      Options.level0_file_num_compaction_trigger: 4
2025/05/02-12:43:36.070491 1c04          Options.level0_slowdown_writes_trigger: 20
2025/05/02-12:43:36.070500 1c04              Options.level0_stop_writes_trigger: 36
2025/05/02-12:43:36.070508 1c04                   Options.target_file_size_base: 67108864
2025/05/02-12:43:36.070517 1c04             Options.target_file_size_multiplier: 1
2025/05/02-12:43:36.070525 1c04                Options.max_bytes_for_level_base: 268435456
2025/05/02-12:43:36.070533 1c04 Options.level_compaction_dynamic_level_bytes: 1
2025/05/02-12:43:36.070542 1c04          Options.max_bytes_for_level_multiplier: 10.000000
2025/05/02-12:43:36.070551 1c04 Options.max_bytes_for_level_multiplier_addtl[0]: 1
2025/05/02-12:43:36.070559 1c04 Options.max_bytes_for_level_multiplier_addtl[1]: 1
2025/05/02-12:43:36.070568 1c04 Options.max_bytes_for_level_multiplier_addtl[2]: 1
2025/05/02-12:43:36.070576 1c04 Options.max_bytes_for_level_multiplier_addtl[3]: 1
2025/05/02-12:43:36.070584 1c04 Options.max_bytes_for_level_multiplier_addtl[4]: 1
2025/05/02-12:43:36.070592 1c04 Options.max_bytes_for_level_multiplier_addtl[5]: 1
2025/05/02-12:43:36.070600 1c04 Options.max_bytes_for_level_multiplier_addtl[6]: 1
2025/05/02-12:43:36.070609 1c04       Options.max_sequential_skip_in_iterations: 8
2025/05/02-12:43:36.070617 1c04                    Options.max_compaction_bytes: 1677721600
2025/05/02-12:43:36.070625 1c04                        Options.arena_block_size: 1048576
2025/05/02-12:43:36.070633 1c04   Options.soft_pending_compaction_bytes_limit: 68719476736
2025/05/02-12:43:36.070642 1c04   Options.hard_pending_compaction_bytes_limit: 274877906944
2025/05/02-12:43:36.070650 1c04                Options.disable_auto_compactions: 1
2025/05/02-12:43:36.070659 1c04                        Options.compaction_style: kCompactionStyleLevel
2025/05/02-12:43:36.070667 1c04                          Options.compaction_pri: kMinOverlappingRatio
2025/05/02-12:43:36.070676 1c04 Options.compaction_options_universal.size_ratio: 1
2025/05/02-12:43:36.070684 1c04 Options.compaction_options_universal.min_merge_width: 2
2025/05/02-12:43:36.070692 1c04 Options.compaction_options_universal.max_merge_width: 4294967295
2025/05/02-12:43:36.070700 1c04 Options.compaction_options_universal.max_size_amplification_percent: 200
2025/05/02-12:43:36.070709 1c04 Options.compaction_options_universal.compression_size_percent: -1
2025/05/02-12:43:36.070722 1c04 Options.compaction_options_universal.stop_style: kCompactionStopStyleTotalSize
2025/05/02-12:43:36.070731 1c04 Options.compaction_options_universal.max_read_amp: -1
2025/05/02-12:43:36.070740 1c04 Options.compaction_options_fifo.max_table_files_size: 1073741824
2025/05/02-12:43:36.070749 1c04 Options.compaction_options_fifo.allow_compaction: 0
2025/05/02-12:43:36.070759 1c04                   Options.table_properties_collectors: 
2025/05/02-12:43:36.070768 1c04                   Options.inplace_update_support: 0
2025/05/02-12:43:36.070777 1c04                 Options.inplace_update_num_locks: 10000
2025/05/02-12:43:36.070787 1c04               Options.memtable_prefix_bloom_size_ratio: 0.000000
2025/05/02-12:43:36.070796 1c04               Options.memtable_whole_key_filtering: 0
2025/05/02-12:43:36.070805 1c04   Options.memtable_huge_page_size: 0
2025/05/02-12:43:36.070813 1c04                           Options.bloom_locality: 0
2025/05/02-12:43:36.070822 1c04                    Options.max_successive_merges: 0
2025/05/02-12:43:36.070831 1c04             Options.strict_max_successive_merges: 0
2025/05/02-12:43:36.070840 1c04                Options.optimize_filters_for_hits: 0
2025/05/02-12:43:36.070852 1c04                Options.paranoid_file_checks: 0
2025/05/02-12:43:36.070863 1c04                Options.force_consistency_checks: 1
2025/05/02-12:43:36.070871 1c04                Options.report_bg_io_stats: 0
2025/05/02-12:43:36.070880 1c04                               Options.ttl: 0
2025/05/02-12:43:36.070889 1c04          Options.periodic_compaction_seconds: 0
2025/05/02-12:43:36.070898 1c04                        Options.default_temperature: kUnknown
2025/05/02-12:43:36.070907 1c04  Options.preclude_last_level_data_seconds: 0
2025/05/02-12:43:36.070916 1c04    Options.preserve_internal_time_seconds: 0
2025/05/02-12:43:36.070925 1c04                       Options.enable_blob_files: false
2025/05/02-12:43:36.070933 1c04                           Options.min_blob_size: 0
2025/05/02-12:43:36.070942 1c04                          Options.blob_file_size: 268435456
2025/05/02-12:43:36.070951 1c04                   Options.blob_compression_type: NoCompression
2025/05/02-12:43:36.070960 1c04          Options.enable_blob_garbage_collection: false
2025/05/02-12:43:36.070973 1c04      Options.blob_garbage_collection_age_cutoff: 0.250000
2025/05/02-12:43:36.070983 1c04 Options.blob_garbage_collection_force_threshold: 1.000000
2025/05/02-12:43:36.070992 1c04          Options.blob_compaction_readahead_size: 0
2025/05/02-12:43:36.071001 1c04                Options.blob_file_starting_level: 0
2025/05/02-12:43:36.071010 1c04         Options.experimental_mempurge_threshold: 0.000000
2025/05/02-12:43:36.071019 1c04            Options.memtable_max_range_deletions: 0
2025/05/02-12:43:36.071102 1c04 [db\column_family.cc:629] --------------- Options for column family []:
2025/05/02-12:43:36.071115 1c04               Options.comparator: leveldb.BytewiseComparator
2025/05/02-12:43:36.071123 1c04           Options.merge_operator: None
2025/05/02-12:43:36.071132 1c04        Options.compaction_filter: None
2025/05/02-12:43:36.071140 1c04        Options.compaction_filter_factory: None
2025/05/02-12:43:36.071148 1c04  Options.sst_partitioner_factory: None
2025/05/02-12:43:36.071157 1c04         Options.memtable_factory: SkipListFactory
2025/05/02-12:43:36.071166 1c04            Options.table_factory: BlockBasedTable
2025/05/02-12:43:36.071207 1c04            table_factory options:   flush_block_policy_factory: FlushBlockBySizePolicyFactory (0000023EA08D3520)
  cache_index_and_filter_blocks: 0
  cache_index_and_filter_blocks_with_high_priority: 1
  pin_l0_filter_and_index_blocks_in_cache: 0
  pin_top_level_index_and_filter: 1
  index_type: 0
  data_block_index_type: 0
  index_shortening: 1
  data_block_hash_table_util_ratio: 0.750000
  checksum: 4
  no_block_cache: 0
  block_cache: 0000023EA1F89630
  block_cache_name: LRUCache
  block_cache_options:
    capacity : 134217728
    num_shard_bits : 6
    strict_capacity_limit : 0
    memory_allocator : None
    high_pri_pool_ratio: 0.000
    low_pri_pool_ratio: 0.000
  persistent_cache: 0000000000000000
  block_size: 32768
  block_size_deviation: 10
