2025/05/02-15:59:24.135396 2dcc RocksDB version: 9.7.3
2025/05/02-15:59:24.135619 2dcc Git sha 0e2801ac30b3f283c3b14e523ba3667eca024f09
2025/05/02-15:59:24.135669 2dcc Compile date 2024-10-25 18:33:05
2025/05/02-15:59:24.135799 2dcc DB SUMMARY
2025/05/02-15:59:24.135931 2dcc Host name (Env):  LAPTOP-1F7HT6L0
2025/05/02-15:59:24.135965 2dcc DB Session ID:  Q6CHNEUDTE50JZISWDEZ
2025/05/02-15:59:24.137953 2dcc CURRENT file:  CURRENT
2025/05/02-15:59:24.138011 2dcc IDENTITY file:  IDENTITY
2025/05/02-15:59:24.138239 2dcc MANIFEST file:  MANIFEST-000039 size: 1643 Bytes
2025/05/02-15:59:24.138281 2dcc SST files in C:\Users\Behidj Neila\Desktop\manipulationUniversite - Copie (2) - Copie\Hyperledger_Besu\Clique-Network\Node-2\data\database dir, Total Num: 3, files: 000034.sst 000036.sst 000037.sst 
2025/05/02-15:59:24.138979 2dcc Write Ahead Log file in C:\Users\Behidj Neila\Desktop\manipulationUniversite - Copie (2) - Copie\Hyperledger_Besu\Clique-Network\Node-2\data\database: 000004.log size: 59401 ; 000038.log size: 535210 ; 
2025/05/02-15:59:24.138999 2dcc                         Options.error_if_exists: 0
2025/05/02-15:59:24.139007 2dcc                       Options.create_if_missing: 1
2025/05/02-15:59:24.139014 2dcc                         Options.paranoid_checks: 1
2025/05/02-15:59:24.139020 2dcc             Options.flush_verify_memtable_count: 1
2025/05/02-15:59:24.139026 2dcc          Options.compaction_verify_record_count: 1
2025/05/02-15:59:24.139034 2dcc                               Options.track_and_verify_wals_in_manifest: 0
2025/05/02-15:59:24.139040 2dcc        Options.verify_sst_unique_id_in_manifest: 1
2025/05/02-15:59:24.139047 2dcc                                     Options.env: 000001F156DF6B20
2025/05/02-15:59:24.139056 2dcc                                      Options.fs: WinFS
2025/05/02-15:59:24.139063 2dcc                                Options.info_log: 000001F156E41EB0
2025/05/02-15:59:24.139069 2dcc                Options.max_file_opening_threads: 16
2025/05/02-15:59:24.139076 2dcc                              Options.statistics: 000001F158B40980
2025/05/02-15:59:24.139083 2dcc                              Options.statistics stats level: 3
2025/05/02-15:59:24.139090 2dcc                               Options.use_fsync: 0
2025/05/02-15:59:24.139097 2dcc                       Options.max_log_file_size: 0
2025/05/02-15:59:24.139104 2dcc                  Options.max_manifest_file_size: 1073741824
2025/05/02-15:59:24.139111 2dcc                   Options.log_file_time_to_roll: 86400
2025/05/02-15:59:24.139117 2dcc                       Options.keep_log_file_num: 7
2025/05/02-15:59:24.139123 2dcc                    Options.recycle_log_file_num: 16
2025/05/02-15:59:24.139130 2dcc                         Options.allow_fallocate: 1
2025/05/02-15:59:24.139136 2dcc                        Options.allow_mmap_reads: 0
2025/05/02-15:59:24.139142 2dcc                       Options.allow_mmap_writes: 0
2025/05/02-15:59:24.139149 2dcc                        Options.use_direct_reads: 0
2025/05/02-15:59:24.139156 2dcc                        Options.use_direct_io_for_flush_and_compaction: 0
2025/05/02-15:59:24.139162 2dcc          Options.create_missing_column_families: 1
2025/05/02-15:59:24.139169 2dcc                              Options.db_log_dir: 
2025/05/02-15:59:24.139175 2dcc                                 Options.wal_dir: 
2025/05/02-15:59:24.139182 2dcc                Options.table_cache_numshardbits: 6
2025/05/02-15:59:24.139188 2dcc                         Options.WAL_ttl_seconds: 0
2025/05/02-15:59:24.139195 2dcc                       Options.WAL_size_limit_MB: 0
2025/05/02-15:59:24.139202 2dcc                        Options.max_write_batch_group_size_bytes: 1048576
2025/05/02-15:59:24.139208 2dcc             Options.manifest_preallocation_size: 4194304
2025/05/02-15:59:24.139215 2dcc                     Options.is_fd_close_on_exec: 1
2025/05/02-15:59:24.139221 2dcc                   Options.advise_random_on_open: 1
2025/05/02-15:59:24.139228 2dcc                    Options.db_write_buffer_size: 0
2025/05/02-15:59:24.139234 2dcc                    Options.write_buffer_manager: 000001F156DF8CE0
2025/05/02-15:59:24.139294 2dcc           Options.random_access_max_buffer_size: 1048576
2025/05/02-15:59:24.139306 2dcc                      Options.use_adaptive_mutex: 0
2025/05/02-15:59:24.139313 2dcc                            Options.rate_limiter: 0000000000000000
2025/05/02-15:59:24.139321 2dcc     Options.sst_file_manager.rate_bytes_per_sec: 0
2025/05/02-15:59:24.139327 2dcc                       Options.wal_recovery_mode: 2
2025/05/02-15:59:24.139334 2dcc                  Options.enable_thread_tracking: 0
2025/05/02-15:59:24.139340 2dcc                  Options.enable_pipelined_write: 0
2025/05/02-15:59:24.139346 2dcc                  Options.unordered_write: 0
2025/05/02-15:59:24.139353 2dcc         Options.allow_concurrent_memtable_write: 1
2025/05/02-15:59:24.139359 2dcc      Options.enable_write_thread_adaptive_yield: 1
2025/05/02-15:59:24.139365 2dcc             Options.write_thread_max_yield_usec: 100
2025/05/02-15:59:24.139372 2dcc            Options.write_thread_slow_yield_usec: 3
2025/05/02-15:59:24.139378 2dcc                               Options.row_cache: None
2025/05/02-15:59:24.139385 2dcc                              Options.wal_filter: None
2025/05/02-15:59:24.139392 2dcc             Options.avoid_flush_during_recovery: 0
2025/05/02-15:59:24.139398 2dcc             Options.allow_ingest_behind: 0
2025/05/02-15:59:24.139405 2dcc             Options.two_write_queues: 0
2025/05/02-15:59:24.139411 2dcc             Options.manual_wal_flush: 0
2025/05/02-15:59:24.139417 2dcc             Options.wal_compression: 0
2025/05/02-15:59:24.139423 2dcc             Options.background_close_inactive_wals: 0
2025/05/02-15:59:24.139429 2dcc             Options.atomic_flush: 0
2025/05/02-15:59:24.139436 2dcc             Options.avoid_unnecessary_blocking_io: 0
2025/05/02-15:59:24.139443 2dcc             Options.prefix_seek_opt_in_only: 0
2025/05/02-15:59:24.139449 2dcc                 Options.persist_stats_to_disk: 0
2025/05/02-15:59:24.139456 2dcc                 Options.write_dbid_to_manifest: 1
2025/05/02-15:59:24.139463 2dcc                 Options.write_identity_file: 1
2025/05/02-15:59:24.139469 2dcc                 Options.log_readahead_size: 0
2025/05/02-15:59:24.139476 2dcc                 Options.file_checksum_gen_factory: Unknown
2025/05/02-15:59:24.139486 2dcc                 Options.best_efforts_recovery: 0
2025/05/02-15:59:24.139497 2dcc                Options.max_bgerror_resume_count: 2147483647
2025/05/02-15:59:24.139507 2dcc            Options.bgerror_resume_retry_interval: 1000000
2025/05/02-15:59:24.139517 2dcc             Options.allow_data_in_errors: 0
2025/05/02-15:59:24.139528 2dcc             Options.db_host_id: __hostname__
2025/05/02-15:59:24.139538 2dcc             Options.enforce_single_del_contracts: true
2025/05/02-15:59:24.139575 2dcc             Options.metadata_write_temperature: kUnknown
2025/05/02-15:59:24.139587 2dcc             Options.wal_write_temperature: kUnknown
2025/05/02-15:59:24.139597 2dcc             Options.max_background_jobs: 2
2025/05/02-15:59:24.139608 2dcc             Options.max_background_compactions: -1
2025/05/02-15:59:24.139618 2dcc             Options.max_subcompactions: 1
2025/05/02-15:59:24.139628 2dcc             Options.avoid_flush_during_shutdown: 0
2025/05/02-15:59:24.139639 2dcc           Options.writable_file_max_buffer_size: 1048576
2025/05/02-15:59:24.139649 2dcc             Options.delayed_write_rate : 16777216
2025/05/02-15:59:24.139660 2dcc             Options.max_total_wal_size: 1073741824
2025/05/02-15:59:24.139671 2dcc             Options.delete_obsolete_files_period_micros: 21600000000
2025/05/02-15:59:24.139681 2dcc                   Options.stats_dump_period_sec: 600
2025/05/02-15:59:24.139692 2dcc                 Options.stats_persist_period_sec: 600
2025/05/02-15:59:24.139702 2dcc                 Options.stats_history_buffer_size: 1048576
2025/05/02-15:59:24.139712 2dcc                          Options.max_open_files: 1024
2025/05/02-15:59:24.139723 2dcc                          Options.bytes_per_sync: 0
2025/05/02-15:59:24.139803 2dcc                      Options.wal_bytes_per_sync: 0
2025/05/02-15:59:24.139819 2dcc                   Options.strict_bytes_per_sync: 0
2025/05/02-15:59:24.139831 2dcc       Options.compaction_readahead_size: 2097152
2025/05/02-15:59:24.139842 2dcc                  Options.max_background_flushes: -1
2025/05/02-15:59:24.139854 2dcc Options.daily_offpeak_time_utc: 
2025/05/02-15:59:24.139892 2dcc Compression algorithms supported:
2025/05/02-15:59:24.139906 2dcc 	kZSTD supported: 1
2025/05/02-15:59:24.139917 2dcc 	kSnappyCompression supported: 1
2025/05/02-15:59:24.139928 2dcc 	kBZip2Compression supported: 0
2025/05/02-15:59:24.139939 2dcc 	kZlibCompression supported: 1
2025/05/02-15:59:24.139949 2dcc 	kLZ4Compression supported: 1
2025/05/02-15:59:24.139959 2dcc 	kXpressCompression supported: 0
2025/05/02-15:59:24.139969 2dcc 	kLZ4HCCompression supported: 1
2025/05/02-15:59:24.139980 2dcc 	kZSTDNotFinalCompression supported: 1
2025/05/02-15:59:24.139991 2dcc Fast CRC32 supported: Not supported on x86
2025/05/02-15:59:24.140002 2dcc DMutex implementation: std::mutex
2025/05/02-15:59:24.140012 2dcc Jemalloc supported: 0
2025/05/02-15:59:24.142669 2dcc [db\version_set.cc:6068] Recovering from manifest file: C:\Users\Behidj Neila\Desktop\manipulationUniversite - Copie (2) - Copie\Hyperledger_Besu\Clique-Network\Node-2\data\database/MANIFEST-000039
2025/05/02-15:59:24.143285 2dcc [db\column_family.cc:629] --------------- Options for column family [default]:
2025/05/02-15:59:24.143330 2dcc               Options.comparator: leveldb.BytewiseComparator
2025/05/02-15:59:24.143351 2dcc           Options.merge_operator: None
2025/05/02-15:59:24.143361 2dcc        Options.compaction_filter: None
2025/05/02-15:59:24.143370 2dcc        Options.compaction_filter_factory: None
2025/05/02-15:59:24.143380 2dcc  Options.sst_partitioner_factory: None
2025/05/02-15:59:24.143423 2dcc         Options.memtable_factory: SkipListFactory
2025/05/02-15:59:24.143433 2dcc            Options.table_factory: BlockBasedTable
2025/05/02-15:59:24.143511 2dcc            table_factory options:   flush_block_policy_factory: FlushBlockBySizePolicyFactory (000001F17F142CE0)
  cache_index_and_filter_blocks: 0
  cache_index_and_filter_blocks_with_high_priority: 1
  pin_l0_filter_and_index_blocks_in_cache: 0
  pin_top_level_index_and_filter: 1
  index_type: 0
  data_block_index_type: 0
  index_shortening: 1
  data_block_hash_table_util_ratio: 0.750000
  checksum: 4
  no_block_cache: 0
  block_cache: 000001F157D1A2D0
  block_cache_name: LRUCache
  block_cache_options:
    capacity : 134217728
    num_shard_bits : 6
    strict_capacity_limit : 0
    memory_allocator : None
    high_pri_pool_ratio: 0.000
    low_pri_pool_ratio: 0.000
  persistent_cache: 0000000000000000
  block_size: 32768
  block_size_deviation: 10
  block_restart_interval: 16
  index_block_restart_interval: 1
  metadata_block_size: 4096
  partition_filters: 0
  use_delta_encoding: 1
  filter_policy: bloomfilter
  whole_key_filtering: 1
  verify_compression: 0
  read_amp_bytes_per_bit: 0
  format_version: 5
  enable_index_compression: 1
  block_align: 0
  max_auto_readahead_size: 262144
  prepopulate_block_cache: 0
  initial_auto_readahead_size: 8192
  num_file_reads_for_auto_readahead: 2
2025/05/02-15:59:24.143525 2dcc        Options.write_buffer_size: 67108864
2025/05/02-15:59:24.143534 2dcc  Options.max_write_buffer_number: 2
2025/05/02-15:59:24.143544 2dcc          Options.compression: LZ4
2025/05/02-15:59:24.143554 2dcc                  Options.bottommost_compression: Disabled
2025/05/02-15:59:24.143563 2dcc       Options.prefix_extractor: nullptr
2025/05/02-15:59:24.143572 2dcc   Options.memtable_insert_with_hint_prefix_extractor: nullptr
2025/05/02-15:59:24.143582 2dcc             Options.num_levels: 7
2025/05/02-15:59:24.143627 2dcc        Options.min_write_buffer_number_to_merge: 1
2025/05/02-15:59:24.143637 2dcc     Options.max_write_buffer_number_to_maintain: 0
2025/05/02-15:59:24.143646 2dcc     Options.max_write_buffer_size_to_maintain: 134217728
2025/05/02-15:59:24.143666 2dcc            Options.bottommost_compression_opts.window_bits: -14
2025/05/02-15:59:24.143682 2dcc                  Options.bottommost_compression_opts.level: 32767
2025/05/02-15:59:24.143692 2dcc               Options.bottommost_compression_opts.strategy: 0
2025/05/02-15:59:24.143704 2dcc         Options.bottommost_compression_opts.max_dict_bytes: 0
2025/05/02-15:59:24.143714 2dcc         Options.bottommost_compression_opts.zstd_max_train_bytes: 0
2025/05/02-15:59:24.143725 2dcc         Options.bottommost_compression_opts.parallel_threads: 1
2025/05/02-15:59:24.143769 2dcc                  Options.bottommost_compression_opts.enabled: false
2025/05/02-15:59:24.143779 2dcc         Options.bottommost_compression_opts.max_dict_buffer_bytes: 0
2025/05/02-15:59:24.143790 2dcc         Options.bottommost_compression_opts.use_zstd_dict_trainer: true
2025/05/02-15:59:24.143801 2dcc            Options.compression_opts.window_bits: -14
2025/05/02-15:59:24.143810 2dcc                  Options.compression_opts.level: 32767
2025/05/02-15:59:24.143820 2dcc               Options.compression_opts.strategy: 0
2025/05/02-15:59:24.143830 2dcc         Options.compression_opts.max_dict_bytes: 0
2025/05/02-15:59:24.143841 2dcc         Options.compression_opts.zstd_max_train_bytes: 0
2025/05/02-15:59:24.143850 2dcc         Options.compression_opts.use_zstd_dict_trainer: true
2025/05/02-15:59:24.143860 2dcc         Options.compression_opts.parallel_threads: 1
2025/05/02-15:59:24.143870 2dcc                  Options.compression_opts.enabled: false
2025/05/02-15:59:24.143880 2dcc         Options.compression_opts.max_dict_buffer_bytes: 0
2025/05/02-15:59:24.143890 2dcc      Options.level0_file_num_compaction_trigger: 4
2025/05/02-15:59:24.143899 2dcc          Options.level0_slowdown_writes_trigger: 20
2025/05/02-15:59:24.143909 2dcc              Options.level0_stop_writes_trigger: 36
2025/05/02-15:59:24.143919 2dcc                   Options.target_file_size_base: 67108864
2025/05/02-15:59:24.143929 2dcc             Options.target_file_size_multiplier: 1
2025/05/02-15:59:24.143938 2dcc                Options.max_bytes_for_level_base: 268435456
2025/05/02-15:59:24.143948 2dcc Options.level_compaction_dynamic_level_bytes: 1
2025/05/02-15:59:24.143959 2dcc          Options.max_bytes_for_level_multiplier: 10.000000
2025/05/02-15:59:24.143970 2dcc Options.max_bytes_for_level_multiplier_addtl[0]: 1
2025/05/02-15:59:24.143980 2dcc Options.max_bytes_for_level_multiplier_addtl[1]: 1
2025/05/02-15:59:24.144002 2dcc Options.max_bytes_for_level_multiplier_addtl[2]: 1
2025/05/02-15:59:24.144023 2dcc Options.max_bytes_for_level_multiplier_addtl[3]: 1
2025/05/02-15:59:24.144033 2dcc Options.max_bytes_for_level_multiplier_addtl[4]: 1
2025/05/02-15:59:24.144042 2dcc Options.max_bytes_for_level_multiplier_addtl[5]: 1
2025/05/02-15:59:24.144052 2dcc Options.max_bytes_for_level_multiplier_addtl[6]: 1
2025/05/02-15:59:24.144062 2dcc       Options.max_sequential_skip_in_iterations: 8
2025/05/02-15:59:24.144072 2dcc                    Options.max_compaction_bytes: 1677721600
2025/05/02-15:59:24.144081 2dcc                        Options.arena_block_size: 1048576
2025/05/02-15:59:24.144091 2dcc   Options.soft_pending_compaction_bytes_limit: 68719476736
2025/05/02-15:59:24.144100 2dcc   Options.hard_pending_compaction_bytes_limit: 274877906944
2025/05/02-15:59:24.144120 2dcc                Options.disable_auto_compactions: 1
2025/05/02-15:59:24.144133 2dcc                        Options.compaction_style: kCompactionStyleLevel
2025/05/02-15:59:24.144143 2dcc                          Options.compaction_pri: kMinOverlappingRatio
2025/05/02-15:59:24.144149 2dcc Options.compaction_options_universal.size_ratio: 1
2025/05/02-15:59:24.144156 2dcc Options.compaction_options_universal.min_merge_width: 2
2025/05/02-15:59:24.144182 2dcc Options.compaction_options_universal.max_merge_width: 4294967295
2025/05/02-15:59:24.144191 2dcc Options.compaction_options_universal.max_size_amplification_percent: 200
2025/05/02-15:59:24.144199 2dcc Options.compaction_options_universal.compression_size_percent: -1
2025/05/02-15:59:24.144295 2dcc Options.compaction_options_universal.stop_style: kCompactionStopStyleTotalSize
2025/05/02-15:59:24.144310 2dcc Options.compaction_options_universal.max_read_amp: -1
2025/05/02-15:59:24.144319 2dcc Options.compaction_options_fifo.max_table_files_size: 1073741824
2025/05/02-15:59:24.144329 2dcc Options.compaction_options_fifo.allow_compaction: 0
2025/05/02-15:59:24.144341 2dcc                   Options.table_properties_collectors: 
2025/05/02-15:59:24.144347 2dcc                   Options.inplace_update_support: 0
2025/05/02-15:59:24.144353 2dcc                 Options.inplace_update_num_locks: 10000
2025/05/02-15:59:24.144361 2dcc               Options.memtable_prefix_bloom_size_ratio: 0.000000
2025/05/02-15:59:24.144380 2dcc               Options.memtable_whole_key_filtering: 0
2025/05/02-15:59:24.144387 2dcc   Options.memtable_huge_page_size: 0
2025/05/02-15:59:24.144392 2dcc                           Options.bloom_locality: 0
2025/05/02-15:59:24.144398 2dcc                    Options.max_successive_merges: 0
2025/05/02-15:59:24.144404 2dcc             Options.strict_max_successive_merges: 0
2025/05/02-15:59:24.144410 2dcc                Options.optimize_filters_for_hits: 0
2025/05/02-15:59:24.144415 2dcc                Options.paranoid_file_checks: 0
2025/05/02-15:59:24.144421 2dcc                Options.force_consistency_checks: 1
2025/05/02-15:59:24.144427 2dcc                Options.report_bg_io_stats: 0
2025/05/02-15:59:24.144433 2dcc                               Options.ttl: 0
2025/05/02-15:59:24.144439 2dcc          Options.periodic_compaction_seconds: 0
2025/05/02-15:59:24.144445 2dcc                        Options.default_temperature: kUnknown
2025/05/02-15:59:24.144451 2dcc  Options.preclude_last_level_data_seconds: 0
2025/05/02-15:59:24.144457 2dcc    Options.preserve_internal_time_seconds: 0
2025/05/02-15:59:24.144463 2dcc                       Options.enable_blob_files: false
2025/05/02-15:59:24.144468 2dcc                           Options.min_blob_size: 0
2025/05/02-15:59:24.144474 2dcc                          Options.blob_file_size: 268435456
2025/05/02-15:59:24.144480 2dcc                   Options.blob_compression_type: NoCompression
2025/05/02-15:59:24.144487 2dcc          Options.enable_blob_garbage_collection: false
2025/05/02-15:59:24.144494 2dcc      Options.blob_garbage_collection_age_cutoff: 0.250000
2025/05/02-15:59:24.144500 2dcc Options.blob_garbage_collection_force_threshold: 1.000000
2025/05/02-15:59:24.144507 2dcc          Options.blob_compaction_readahead_size: 0
2025/05/02-15:59:24.144512 2dcc                Options.blob_file_starting_level: 0
2025/05/02-15:59:24.144518 2dcc         Options.experimental_mempurge_threshold: 0.000000
2025/05/02-15:59:24.144524 2dcc            Options.memtable_max_range_deletions: 0
2025/05/02-15:59:24.144979 2dcc [db\column_family.cc:629] --------------- Options for column family []:
2025/05/02-15:59:24.145002 2dcc               Options.comparator: leveldb.BytewiseComparator
2025/05/02-15:59:24.145013 2dcc           Options.merge_operator: None
2025/05/02-15:59:24.145022 2dcc        Options.compaction_filter: None
2025/05/02-15:59:24.145031 2dcc        Options.compaction_filter_factory: None
2025/05/02-15:59:24.145040 2dcc  Options.sst_partitioner_factory: None
2025/05/02-15:59:24.145050 2dcc         Options.memtable_factory: SkipListFactory
2025/05/02-15:59:24.145058 2dcc            Options.table_factory: BlockBasedTable
2025/05/02-15:59:24.145140 2dcc            table_factory options:   flush_block_policy_factory: FlushBlockBySizePolicyFactory (000001F15914A150)
  cache_index_and_filter_blocks: 0
  cache_index_and_filter_blocks_with_high_priority: 1
  pin_l0_filter_and_index_blocks_in_cache: 0
  pin_top_level_index_and_filter: 1
  index_type: 0
  data_block_index_type: 0
  index_shortening: 1
  data_block_hash_table_util_ratio: 0.750000
  checksum: 4
  no_block_cache: 0
  block_cache: 000001F157D19290
  block_cache_name: LRUCache
  block_cache_options:
    capacity : 134217728
    num_shard_bits : 6
    strict_capacity_limit : 0
    memory_allocator : None
    high_pri_pool_ratio: 0.000
    low_pri_pool_ratio: 0.000
  persistent_cache: 0000000000000000
  block_size: 32768
  block_size_deviation: 10
  block_restart_interval: 16
  index_block_restart_interval: 1
  metadata_block_size: 4096
  partition_filters: 0
  use_delta_encoding: 1
  filter_policy: bloomfilter
  whole_key_filtering: 1
  verify_compression: 0
  read_amp_bytes_per_bit: 0
  format_version: 5
  enable_index_compression: 1
  block_align: 0
  max_auto_readahead_size: 262144
  prepopulate_block_cache: 0
  initial_auto_readahead_size: 8192
  num_file_reads_for_auto_readahead: 2
2025/05/02-15:59:24.145160 2dcc        Options.write_buffer_size: 67108864
2025/05/02-15:59:24.145174 2dcc  Options.max_write_buffer_number: 2
2025/05/02-15:59:24.145183 2dcc          Options.compression: LZ4
2025/05/02-15:59:24.145192 2dcc                  Options.bottommost_compression: Disabled
2025/05/02-15:59:24.145200 2dcc       Options.prefix_extractor: nullptr
2025/05/02-15:59:24.145210 2dcc   Options.memtable_insert_with_hint_prefix_extractor: nullptr
2025/05/02-15:59:24.145218 2dcc             Options.num_levels: 7
2025/05/02-15:59:24.145225 2dcc        Options.min_write_buffer_number_to_merge: 1
2025/05/02-15:59:24.145234 2dcc     Options.max_write_buffer_number_to_maintain: 0
2025/05/02-15:59:24.145244 2dcc     Options.max_write_buffer_size_to_maintain: 134217728
2025/05/02-15:59:24.145256 2dcc            Options.bottommost_compression_opts.window_bits: -14
2025/05/02-15:59:24.145266 2dcc                  Options.bottommost_compression_opts.level: 32767
2025/05/02-15:59:24.145276 2dcc               Options.bottommost_compression_opts.strategy: 0
2025/05/02-15:59:24.145286 2dcc         Options.bottommost_compression_opts.max_dict_bytes: 0
2025/05/02-15:59:24.145297 2dcc         Options.bottommost_compression_opts.zstd_max_train_bytes: 0
2025/05/02-15:59:24.145306 2dcc         Options.bottommost_compression_opts.parallel_threads: 1
2025/05/02-15:59:24.145316 2dcc                  Options.bottommost_compression_opts.enabled: false
2025/05/02-15:59:24.145325 2dcc         Options.bottommost_compression_opts.max_dict_buffer_bytes: 0
2025/05/02-15:59:24.145335 2dcc         Options.bottommost_compression_opts.use_zstd_dict_trainer: true
2025/05/02-15:59:24.145343 2dcc            Options.compression_opts.window_bits: -14
2025/05/02-15:59:24.145351 2dcc                  Options.compression_opts.level: 32767
2025/05/02-15:59:24.145359 2dcc               Options.compression_opts.strategy: 0
2025/05/02-15:59:24.145368 2dcc         Options.compression_opts.max_dict_bytes: 0
2025/05/02-15:59:24.145377 2dcc         Options.compression_opts.zstd_max_train_bytes: 0
2025/05/02-15:59:24.145387 2dcc         Options.compression_opts.use_zstd_dict_trainer: true
2025/05/02-15:59:24.145396 2dcc         Options.compression_opts.parallel_threads: 1
2025/05/02-15:59:24.145405 2dcc                  Options.compression_opts.enabled: false
2025/05/02-15:59:24.145414 2dcc         Options.compression_opts.max_dict_buffer_bytes: 0
2025/05/02-15:59:24.145424 2dcc      Options.level0_file_num_compaction_trigger: 4
2025/05/02-15:59:24.145433 2dcc          Options.level0_slowdown_writes_trigger: 20
2025/05/02-15:59:24.145441 2dcc              Options.level0_stop_writes_trigger: 36
2025/05/02-15:59:24.145448 2dcc                   Options.target_file_size_base: 67108864
2025/05/02-15:59:24.145457 2dcc             Options.target_file_size_multiplier: 1
2025/05/02-15:59:24.145466 2dcc                Options.max_bytes_for_level_base: 268435456
2025/05/02-15:59:24.145475 2dcc Options.level_compaction_dynamic_level_bytes: 1
2025/05/02-15:59:24.145485 2dcc          Options.max_bytes_for_level_multiplier: 10.000000
2025/05/02-15:59:24.145495 2dcc Options.max_bytes_for_level_multiplier_addtl[0]: 1
2025/05/02-15:59:24.145504 2dcc Options.max_bytes_for_level_multiplier_addtl[1]: 1
2025/05/02-15:59:24.145515 2dcc Options.max_bytes_for_level_multiplier_addtl[2]: 1
2025/05/02-15:59:24.145530 2dcc Options.max_bytes_for_level_multiplier_addtl[3]: 1
2025/05/02-15:59:24.145543 2dcc Options.max_bytes_for_level_multiplier_addtl[4]: 1
2025/05/02-15:59:24.145552 2dcc Options.max_bytes_for_level_multiplier_addtl[5]: 1
2025/05/02-15:59:24.145562 2dcc Options.max_bytes_for_level_multiplier_addtl[6]: 1
2025/05/02-15:59:24.145571 2dcc       Options.max_sequential_skip_in_iterations: 8
2025/05/02-15:59:24.145580 2dcc                    Options.max_compaction_bytes: 1677721600
2025/05/02-15:59:24.145591 2dcc                        Options.arena_block_size: 1048576
2025/05/02-15:59:24.145600 2dcc   Options.soft_pending_compaction_bytes_limit: 68719476736
2025/05/02-15:59:24.145610 2dcc   Options.hard_pending_compaction_bytes_limit: 274877906944
2025/05/02-15:59:24.145619 2dcc                Options.disable_auto_compactions: 1
2025/05/02-15:59:24.145630 2dcc                        Options.compaction_style: kCompactionStyleLevel
2025/05/02-15:59:24.145640 2dcc                          Options.compaction_pri: kMinOverlappingRatio
2025/05/02-15:59:24.145650 2dcc Options.compaction_options_universal.size_ratio: 1
2025/05/02-15:59:24.145660 2dcc Options.compaction_options_universal.min_merge_width: 2
2025/05/02-15:59:24.145669 2dcc Options.compaction_options_universal.max_merge_width: 4294967295
2025/05/02-15:59:24.145679 2dcc Options.compaction_options_universal.max_size_amplification_percent: 200
2025/05/02-15:59:24.145688 2dcc Options.compaction_options_universal.compression_size_percent: -1
2025/05/02-15:59:24.145699 2dcc Options.compaction_options_universal.stop_style: kCompactionStopStyleTotalSize
2025/05/02-15:59:24.145709 2dcc Options.compaction_options_universal.max_read_amp: -1
2025/05/02-15:59:24.145718 2dcc Options.compaction_options_fifo.max_table_files_size: 1073741824
2025/05/02-15:59:24.145728 2dcc Options.compaction_options_fifo.allow_compaction: 0
2025/05/02-15:59:24.145743 2dcc                   Options.table_properties_collectors: 
2025/05/02-15:59:24.145753 2dcc                   Options.inplace_update_support: 0
2025/05/02-15:59:24.145762 2dcc                 Options.inplace_update_num_locks: 10000
2025/05/02-15:59:24.145773 2dcc               Options.memtable_prefix_bloom_size_ratio: 0.000000
2025/05/02-15:59:24.145784 2dcc               Options.memtable_whole_key_filtering: 0
2025/05/02-15:59:24.145793 2dcc   Options.memtable_huge_page_size: 0
2025/05/02-15:59:24.145802 2dcc                           Options.bloom_locality: 0
2025/05/02-15:59:24.145812 2dcc                    Options.max_successive_merges: 0
2025/05/02-15:59:24.145821 2dcc             Options.strict_max_successive_merges: 0
2025/05/02-15:59:24.145830 2dcc                Options.optimize_filters_for_hits: 0
2025/05/02-15:59:24.145839 2dcc                Options.paranoid_file_checks: 0
2025/05/02-15:59:24.145847 2dcc                Options.force_consistency_checks: 1
2025/05/02-15:59:24.145859 2dcc                Options.report_bg_io_stats: 0
2025/05/02-15:59:24.145869 2dcc                               Options.ttl: 0
2025/05/02-15:59:24.145877 2dcc          Options.periodic_compaction_seconds: 0
2025/05/02-15:59:24.145885 2dcc                        Options.default_temperature: kUnknown
2025/05/02-15:59:24.145895 2dcc  Options.preclude_last_level_data_seconds: 0
2025/05/02-15:59:24.145904 2dcc    Options.preserve_internal_time_seconds: 0
2025/05/02-15:59:24.145913 2dcc                       Options.enable_blob_files: true
2025/05/02-15:59:24.145922 2dcc                           Options.min_blob_size: 100
2025/05/02-15:59:24.145931 2dcc                          Options.blob_file_size: 268435456
2025/05/02-15:59:24.145940 2dcc                   Options.blob_compression_type: LZ4
2025/05/02-15:59:24.145949 2dcc          Options.enable_blob_garbage_collection: false
2025/05/02-15:59:24.145960 2dcc      Options.blob_garbage_collection_age_cutoff: 0.250000
2025/05/02-15:59:24.145981 2dcc Options.blob_garbage_collection_force_threshold: 1.000000
2025/05/02-15:59:24.146001 2dcc          Options.blob_compaction_readahead_size: 0
2025/05/02-15:59:24.146015 2dcc                Options.blob_file_starting_level: 0
2025/05/02-15:59:24.146028 2dcc         Options.experimental_mempurge_threshold: 0.000000
2025/05/02-15:59:24.146037 2dcc            Options.memtable_max_range_deletions: 0
2025/05/02-15:59:24.146253 2dcc [db\column_family.cc:629] --------------- Options for column family []:
2025/05/02-15:59:24.146271 2dcc               Options.comparator: leveldb.BytewiseComparator
2025/05/02-15:59:24.146280 2dcc           Options.merge_operator: None
2025/05/02-15:59:24.146289 2dcc        Options.compaction_filter: None
2025/05/02-15:59:24.146298 2dcc        Options.compaction_filter_factory: None
2025/05/02-15:59:24.146306 2dcc  Options.sst_partitioner_factory: None
2025/05/02-15:59:24.146314 2dcc         Options.memtable_factory: SkipListFactory
2025/05/02-15:59:24.146323 2dcc            Options.table_factory: BlockBasedTable
2025/05/02-15:59:24.146410 2dcc            table_factory options:   flush_block_policy_factory: FlushBlockBySizePolicyFactory (000001F17F143CA0)
  cache_index_and_filter_blocks: 0
  cache_index_and_filter_blocks_with_high_priority: 1
  pin_l0_filter_and_index_blocks_in_cache: 0
  pin_top_level_index_and_filter: 1
  index_type: 0
  data_block_index_type: 0
  index_shortening: 1
  data_block_hash_table_util_ratio: 0.750000
  checksum: 4
  no_block_cache: 0
  block_cache: 000001F157DECD60
  block_cache_name: LRUCache
  block_cache_options:
    capacity : 134217728
    num_shard_bits : 6
    strict_capacity_limit : 0
    memory_allocator : None
    high_pri_pool_ratio: 0.000
    low_pri_pool_ratio: 0.000
  persistent_cache: 0000000000000000
  block_size: 32768
  block_size_deviation: 10
  block_restart_interval: 16
  index_block_restart_interval: 1
  metadata_block_size: 4096
  partition_filters: 0
  use_delta_encoding: 1
  filter_policy: bloomfilter
  whole_key_filtering: 1
  verify_compression: 0
  read_amp_bytes_per_bit: 0
  format_version: 5
  enable_index_compression: 1
  block_align: 0
  max_auto_readahead_size: 262144
  prepopulate_block_cache: 0
  initial_auto_readahead_size: 8192
  num_file_reads_for_auto_readahead: 2
2025/05/02-15:59:24.146426 2dcc        Options.write_buffer_size: 67108864
2025/05/02-15:59:24.146435 2dcc  Options.max_write_buffer_number: 2
2025/05/02-15:59:24.146445 2dcc          Options.compression: LZ4
2025/05/02-15:59:24.146453 2dcc                  Options.bottommost_compression: Disabled
2025/05/02-15:59:24.146461 2dcc       Options.prefix_extractor: nullptr
2025/05/02-15:59:24.146471 2dcc   Options.memtable_insert_with_hint_prefix_extractor: nullptr
2025/05/02-15:59:24.146479 2dcc             Options.num_levels: 7
2025/05/02-15:59:24.146488 2dcc        Options.min_write_buffer_number_to_merge: 1
2025/05/02-15:59:24.146497 2dcc     Options.max_write_buffer_number_to_maintain: 0
2025/05/02-15:59:24.146505 2dcc     Options.max_write_buffer_size_to_maintain: 134217728
2025/05/02-15:59:24.146514 2dcc            Options.bottommost_compression_opts.window_bits: -14
2025/05/02-15:59:24.146524 2dcc                  Options.bottommost_compression_opts.level: 32767
2025/05/02-15:59:24.146533 2dcc               Options.bottommost_compression_opts.strategy: 0
2025/05/02-15:59:24.146542 2dcc         Options.bottommost_compression_opts.max_dict_bytes: 0
2025/05/02-15:59:24.146552 2dcc         Options.bottommost_compression_opts.zstd_max_train_bytes: 0
2025/05/02-15:59:24.146562 2dcc         Options.bottommost_compression_opts.parallel_threads: 1
2025/05/02-15:59:24.146573 2dcc                  Options.bottommost_compression_opts.enabled: false
2025/05/02-15:59:24.146583 2dcc         Options.bottommost_compression_opts.max_dict_buffer_bytes: 0
2025/05/02-15:59:24.146593 2dcc         Options.bottommost_compression_opts.use_zstd_dict_trainer: true
2025/05/02-15:59:24.146602 2dcc            Options.compression_opts.window_bits: -14
2025/05/02-15:59:24.146612 2dcc                  Options.compression_opts.level: 32767
2025/05/02-15:59:24.146622 2dcc               Options.compression_opts.strategy: 0
2025/05/02-15:59:24.146735 2dcc         Options.compression_opts.max_dict_bytes: 0
2025/05/02-15:59:24.146750 2dcc         Options.compression_opts.zstd_max_train_bytes: 0
2025/05/02-15:59:24.146759 2dcc         Options.compression_opts.use_zstd_dict_trainer: true
2025/05/02-15:59:24.146770 2dcc         Options.compression_opts.parallel_threads: 1
2025/05/02-15:59:24.146780 2dcc                  Options.compression_opts.enabled: false
2025/05/02-15:59:24.146789 2dcc         Options.compression_opts.max_dict_buffer_bytes: 0
2025/05/02-15:59:24.146799 2dcc      Options.level0_file_num_compaction_trigger: 4
2025/05/02-15:59:24.146808 2dcc          Options.level0_slowdown_writes_trigger: 20
2025/05/02-15:59:24.146818 2dcc              Options.level0_stop_writes_trigger: 36
2025/05/02-15:59:24.146827 2dcc                   Options.target_file_size_base: 67108864
2025/05/02-15:59:24.146836 2dcc             Options.target_file_size_multiplier: 1
2025/05/02-15:59:24.146845 2dcc                Options.max_bytes_for_level_base: 268435456
2025/05/02-15:59:24.146854 2dcc Options.level_compaction_dynamic_level_bytes: 1
2025/05/02-15:59:24.146865 2dcc          Options.max_bytes_for_level_multiplier: 10.000000
2025/05/02-15:59:24.146877 2dcc Options.max_bytes_for_level_multiplier_addtl[0]: 1
2025/05/02-15:59:24.146886 2dcc Options.max_bytes_for_level_multiplier_addtl[1]: 1
2025/05/02-15:59:24.146896 2dcc Options.max_bytes_for_level_multiplier_addtl[2]: 1
2025/05/02-15:59:24.146905 2dcc Options.max_bytes_for_level_multiplier_addtl[3]: 1
2025/05/02-15:59:24.146914 2dcc Options.max_bytes_for_level_multiplier_addtl[4]: 1
2025/05/02-15:59:24.146923 2dcc Options.max_bytes_for_level_multiplier_addtl[5]: 1
2025/05/02-15:59:24.146932 2dcc Options.max_bytes_for_level_multiplier_addtl[6]: 1
2025/05/02-15:59:24.146941 2dcc       Options.max_sequential_skip_in_iterations: 8
2025/05/02-15:59:24.146950 2dcc                    Options.max_compaction_bytes: 1677721600
2025/05/02-15:59:24.146959 2dcc                        Options.arena_block_size: 1048576
2025/05/02-15:59:24.146968 2dcc   Options.soft_pending_compaction_bytes_limit: 68719476736
2025/05/02-15:59:24.146977 2dcc   Options.hard_pending_compaction_bytes_limit: 274877906944
2025/05/02-15:59:24.146986 2dcc                Options.disable_auto_compactions: 1
2025/05/02-15:59:24.146996 2dcc                        Options.compaction_style: kCompactionStyleLevel
2025/05/02-15:59:24.147006 2dcc                          Options.compaction_pri: kMinOverlappingRatio
2025/05/02-15:59:24.147016 2dcc Options.compaction_options_universal.size_ratio: 1
2025/05/02-15:59:24.147025 2dcc Options.compaction_options_universal.min_merge_width: 2
2025/05/02-15:59:24.147034 2dcc Options.compaction_options_universal.max_merge_width: 4294967295
2025/05/02-15:59:24.147044 2dcc Options.compaction_options_universal.max_size_amplification_percent: 200
2025/05/02-15:59:24.147053 2dcc Options.compaction_options_universal.compression_size_percent: -1
2025/05/02-15:59:24.147063 2dcc Options.compaction_options_universal.stop_style: kCompactionStopStyleTotalSize
2025/05/02-15:59:24.147073 2dcc Options.compaction_options_universal.max_read_amp: -1
2025/05/02-15:59:24.147082 2dcc Options.compaction_options_fifo.max_table_files_size: 1073741824
2025/05/02-15:59:24.147091 2dcc Options.compaction_options_fifo.allow_compaction: 0
2025/05/02-15:59:24.147125 2dcc                   Options.table_properties_collectors: 
2025/05/02-15:59:24.147135 2dcc                   Options.inplace_update_support: 0
2025/05/02-15:59:24.147146 2dcc                 Options.inplace_update_num_locks: 10000
2025/05/02-15:59:24.147157 2dcc               Options.memtable_prefix_bloom_size_ratio: 0.000000
2025/05/02-15:59:24.147186 2dcc               Options.memtable_whole_key_filtering: 0
2025/05/02-15:59:24.147195 2dcc   Options.memtable_huge_page_size: 0
2025/05/02-15:59:24.147204 2dcc                           Options.bloom_locality: 0
2025/05/02-15:59:24.147214 2dcc                    Options.max_successive_merges: 0
2025/05/02-15:59:24.147223 2dcc             Options.strict_max_successive_merges: 0
2025/05/02-15:59:24.147235 2dcc                Options.optimize_filters_for_hits: 0
2025/05/02-15:59:24.147247 2dcc                Options.paranoid_file_checks: 0
2025/05/02-15:59:24.147256 2dcc                Options.force_consistency_checks: 1
2025/05/02-15:59:24.147266 2dcc                Options.report_bg_io_stats: 0
2025/05/02-15:59:24.147276 2dcc                               Options.ttl: 0
2025/05/02-15:59:24.147286 2dcc          Options.periodic_compaction_seconds: 0
2025/05/02-15:59:24.147295 2dcc                        Options.default_temperature: kUnknown
2025/05/02-15:59:24.147304 2dcc  Options.preclude_last_level_data_seconds: 0
2025/05/02-15:59:24.147313 2dcc    Options.preserve_internal_time_seconds: 0
2025/05/02-15:59:24.147320 2dcc                       Options.enable_blob_files: false
2025/05/02-15:59:24.147331 2dcc                           Options.min_blob_size: 0
2025/05/02-15:59:24.147343 2dcc                          Options.blob_file_size: 268435456
2025/05/02-15:59:24.147356 2dcc                   Options.blob_compression_type: NoCompression
2025/05/02-15:59:24.147368 2dcc          Options.enable_blob_garbage_collection: false
2025/05/02-15:59:24.147378 2dcc      Options.blob_garbage_collection_age_cutoff: 0.250000
2025/05/02-15:59:24.147388 2dcc Options.blob_garbage_collection_force_threshold: 1.000000
2025/05/02-15:59:24.147398 2dcc          Options.blob_compaction_readahead_size: 0
2025/05/02-15:59:24.147407 2dcc                Options.blob_file_starting_level: 0
2025/05/02-15:59:24.147417 2dcc         Options.experimental_mempurge_threshold: 0.000000
2025/05/02-15:59:24.147427 2dcc            Options.memtable_max_range_deletions: 0
2025/05/02-15:59:24.147602 2dcc [db\column_family.cc:629] --------------- Options for column family []:
2025/05/02-15:59:24.147619 2dcc               Options.comparator: leveldb.BytewiseComparator
2025/05/02-15:59:24.147628 2dcc           Options.merge_operator: None
2025/05/02-15:59:24.147638 2dcc        Options.compaction_filter: None
2025/05/02-15:59:24.147647 2dcc        Options.compaction_filter_factory: None
2025/05/02-15:59:24.147656 2dcc  Options.sst_partitioner_factory: None
2025/05/02-15:59:24.147665 2dcc         Options.memtable_factory: SkipListFactory
2025/05/02-15:59:24.147675 2dcc            Options.table_factory: BlockBasedTable
2025/05/02-15:59:24.147736 2dcc            table_factory options:   flush_block_policy_factory: FlushBlockBySizePolicyFactory (000001F1592AAC50)
  cache_index_and_filter_blocks: 0
  cache_index_and_filter_blocks_with_high_priority: 1
  pin_l0_filter_and_index_blocks_in_cache: 0
  pin_top_level_index_and_filter: 1
  index_type: 0
  data_block_index_type: 0
  index_shortening: 1
  data_block_hash_table_util_ratio: 0.750000
  checksum: 4
  no_block_cache: 0
  block_cache: 000001F156D0FA00
  block_cache_name: LRUCache
  block_cache_options:
    capacity : 134217728
    num_shard_bits : 6
    strict_capacity_limit : 0
    memory_allocator : None
    high_pri_pool_ratio: 0.000
    low_pri_pool_ratio: 0.000
