2025/05/12-17:33:31.764918 34f4 RocksDB version: 9.7.3
2025/05/12-17:33:31.765251 34f4 Git sha 0e2801ac30b3f283c3b14e523ba3667eca024f09
2025/05/12-17:33:31.765460 34f4 Compile date 2024-10-25 18:33:05
2025/05/12-17:33:31.765567 34f4 DB SUMMARY
2025/05/12-17:33:31.765617 34f4 Host name (Env):  LAPTOP-1F7HT6L0
2025/05/12-17:33:31.765651 34f4 DB Session ID:  YRIFVZOLRONO5BX1RDOG
2025/05/12-17:33:31.769203 34f4 CURRENT file:  CURRENT
2025/05/12-17:33:31.769274 34f4 IDENTITY file:  IDENTITY
2025/05/12-17:33:31.769517 34f4 MANIFEST file:  MANIFEST-000057 size: 4726 Bytes
2025/05/12-17:33:31.769575 34f4 SST files in C:\Users\Behidj Neila\Desktop\manipulationUniversite - Copie (2) - Copie\Hyperledger_Besu\Clique-Network\Node-1\data\database dir, Total Num: 9, files: 000022.sst 000023.sst 000024.sst 000041.sst 000042.sst 000060.sst 000061.sst 000062.sst 000063.sst 
2025/05/12-17:33:31.769888 34f4 Write Ahead Log file in C:\Users\Behidj Neila\Desktop\manipulationUniversite - Copie (2) - Copie\Hyperledger_Besu\Clique-Network\Node-1\data\database: 000056.log size: 357503 ; 
2025/05/12-17:33:31.769913 34f4                         Options.error_if_exists: 0
2025/05/12-17:33:31.769923 34f4                       Options.create_if_missing: 1
2025/05/12-17:33:31.769932 34f4                         Options.paranoid_checks: 1
2025/05/12-17:33:31.769940 34f4             Options.flush_verify_memtable_count: 1
2025/05/12-17:33:31.769950 34f4          Options.compaction_verify_record_count: 1
2025/05/12-17:33:31.769960 34f4                               Options.track_and_verify_wals_in_manifest: 0
2025/05/12-17:33:31.769969 34f4        Options.verify_sst_unique_id_in_manifest: 1
2025/05/12-17:33:31.769979 34f4                                     Options.env: 0000022D0682ECC0
2025/05/12-17:33:31.769989 34f4                                      Options.fs: WinFS
2025/05/12-17:33:31.769998 34f4                                Options.info_log: 0000022D069A2F80
2025/05/12-17:33:31.770007 34f4                Options.max_file_opening_threads: 16
2025/05/12-17:33:31.770017 34f4                              Options.statistics: 0000022D08EDFE80
2025/05/12-17:33:31.770026 34f4                              Options.statistics stats level: 3
2025/05/12-17:33:31.770035 34f4                               Options.use_fsync: 0
2025/05/12-17:33:31.770044 34f4                       Options.max_log_file_size: 0
2025/05/12-17:33:31.770054 34f4                  Options.max_manifest_file_size: 1073741824
2025/05/12-17:33:31.770063 34f4                   Options.log_file_time_to_roll: 86400
2025/05/12-17:33:31.770072 34f4                       Options.keep_log_file_num: 7
2025/05/12-17:33:31.770081 34f4                    Options.recycle_log_file_num: 16
2025/05/12-17:33:31.770091 34f4                         Options.allow_fallocate: 1
2025/05/12-17:33:31.770104 34f4                        Options.allow_mmap_reads: 0
2025/05/12-17:33:31.770117 34f4                       Options.allow_mmap_writes: 0
2025/05/12-17:33:31.770129 34f4                        Options.use_direct_reads: 0
2025/05/12-17:33:31.770144 34f4                        Options.use_direct_io_for_flush_and_compaction: 0
2025/05/12-17:33:31.770156 34f4          Options.create_missing_column_families: 1
2025/05/12-17:33:31.770168 34f4                              Options.db_log_dir: 
2025/05/12-17:33:31.770181 34f4                                 Options.wal_dir: 
2025/05/12-17:33:31.770195 34f4                Options.table_cache_numshardbits: 6
2025/05/12-17:33:31.770207 34f4                         Options.WAL_ttl_seconds: 0
2025/05/12-17:33:31.770223 34f4                       Options.WAL_size_limit_MB: 0
2025/05/12-17:33:31.770237 34f4                        Options.max_write_batch_group_size_bytes: 1048576
2025/05/12-17:33:31.770251 34f4             Options.manifest_preallocation_size: 4194304
2025/05/12-17:33:31.770264 34f4                     Options.is_fd_close_on_exec: 1
2025/05/12-17:33:31.770276 34f4                   Options.advise_random_on_open: 1
2025/05/12-17:33:31.770290 34f4                    Options.db_write_buffer_size: 0
2025/05/12-17:33:31.770400 34f4                    Options.write_buffer_manager: 0000022D0682E540
2025/05/12-17:33:31.770423 34f4           Options.random_access_max_buffer_size: 1048576
2025/05/12-17:33:31.770436 34f4                      Options.use_adaptive_mutex: 0
2025/05/12-17:33:31.770452 34f4                            Options.rate_limiter: 0000000000000000
2025/05/12-17:33:31.770467 34f4     Options.sst_file_manager.rate_bytes_per_sec: 0
2025/05/12-17:33:31.770482 34f4                       Options.wal_recovery_mode: 2
2025/05/12-17:33:31.770497 34f4                  Options.enable_thread_tracking: 0
2025/05/12-17:33:31.770512 34f4                  Options.enable_pipelined_write: 0
2025/05/12-17:33:31.770527 34f4                  Options.unordered_write: 0
2025/05/12-17:33:31.770543 34f4         Options.allow_concurrent_memtable_write: 1
2025/05/12-17:33:31.770557 34f4      Options.enable_write_thread_adaptive_yield: 1
2025/05/12-17:33:31.770571 34f4             Options.write_thread_max_yield_usec: 100
2025/05/12-17:33:31.770586 34f4            Options.write_thread_slow_yield_usec: 3
2025/05/12-17:33:31.770599 34f4                               Options.row_cache: None
2025/05/12-17:33:31.770613 34f4                              Options.wal_filter: None
2025/05/12-17:33:31.770641 34f4             Options.avoid_flush_during_recovery: 0
2025/05/12-17:33:31.770688 34f4             Options.allow_ingest_behind: 0
2025/05/12-17:33:31.770701 34f4             Options.two_write_queues: 0
2025/05/12-17:33:31.770714 34f4             Options.manual_wal_flush: 0
2025/05/12-17:33:31.770727 34f4             Options.wal_compression: 0
2025/05/12-17:33:31.770740 34f4             Options.background_close_inactive_wals: 0
2025/05/12-17:33:31.770753 34f4             Options.atomic_flush: 0
2025/05/12-17:33:31.770767 34f4             Options.avoid_unnecessary_blocking_io: 0
2025/05/12-17:33:31.770782 34f4             Options.prefix_seek_opt_in_only: 0
2025/05/12-17:33:31.770797 34f4                 Options.persist_stats_to_disk: 0
2025/05/12-17:33:31.770811 34f4                 Options.write_dbid_to_manifest: 1
2025/05/12-17:33:31.770824 34f4                 Options.write_identity_file: 1
2025/05/12-17:33:31.770838 34f4                 Options.log_readahead_size: 0
2025/05/12-17:33:31.770851 34f4                 Options.file_checksum_gen_factory: Unknown
2025/05/12-17:33:31.770864 34f4                 Options.best_efforts_recovery: 0
2025/05/12-17:33:31.770878 34f4                Options.max_bgerror_resume_count: 2147483647
2025/05/12-17:33:31.770893 34f4            Options.bgerror_resume_retry_interval: 1000000
2025/05/12-17:33:31.770906 34f4             Options.allow_data_in_errors: 0
2025/05/12-17:33:31.770920 34f4             Options.db_host_id: __hostname__
2025/05/12-17:33:31.770934 34f4             Options.enforce_single_del_contracts: true
2025/05/12-17:33:31.770950 34f4             Options.metadata_write_temperature: kUnknown
2025/05/12-17:33:31.770965 34f4             Options.wal_write_temperature: kUnknown
2025/05/12-17:33:31.770979 34f4             Options.max_background_jobs: 2
2025/05/12-17:33:31.770995 34f4             Options.max_background_compactions: -1
2025/05/12-17:33:31.771009 34f4             Options.max_subcompactions: 1
2025/05/12-17:33:31.771023 34f4             Options.avoid_flush_during_shutdown: 0
2025/05/12-17:33:31.771038 34f4           Options.writable_file_max_buffer_size: 1048576
2025/05/12-17:33:31.771059 34f4             Options.delayed_write_rate : 16777216
2025/05/12-17:33:31.771074 34f4             Options.max_total_wal_size: 1073741824
2025/05/12-17:33:31.771089 34f4             Options.delete_obsolete_files_period_micros: 21600000000
2025/05/12-17:33:31.771104 34f4                   Options.stats_dump_period_sec: 600
2025/05/12-17:33:31.771119 34f4                 Options.stats_persist_period_sec: 600
2025/05/12-17:33:31.771133 34f4                 Options.stats_history_buffer_size: 1048576
2025/05/12-17:33:31.771148 34f4                          Options.max_open_files: 1024
2025/05/12-17:33:31.771307 34f4                          Options.bytes_per_sync: 0
2025/05/12-17:33:31.771328 34f4                      Options.wal_bytes_per_sync: 0
2025/05/12-17:33:31.771340 34f4                   Options.strict_bytes_per_sync: 0
2025/05/12-17:33:31.771382 34f4       Options.compaction_readahead_size: 2097152
2025/05/12-17:33:31.771397 34f4                  Options.max_background_flushes: -1
2025/05/12-17:33:31.771411 34f4 Options.daily_offpeak_time_utc: 
2025/05/12-17:33:31.771451 34f4 Compression algorithms supported:
2025/05/12-17:33:31.771469 34f4 	kZSTD supported: 1
2025/05/12-17:33:31.771485 34f4 	kSnappyCompression supported: 1
2025/05/12-17:33:31.771499 34f4 	kBZip2Compression supported: 0
2025/05/12-17:33:31.771513 34f4 	kZlibCompression supported: 1
2025/05/12-17:33:31.771527 34f4 	kLZ4Compression supported: 1
2025/05/12-17:33:31.771541 34f4 	kXpressCompression supported: 0
2025/05/12-17:33:31.771577 34f4 	kLZ4HCCompression supported: 1
2025/05/12-17:33:31.771590 34f4 	kZSTDNotFinalCompression supported: 1
2025/05/12-17:33:31.771606 34f4 Fast CRC32 supported: Not supported on x86
2025/05/12-17:33:31.771620 34f4 DMutex implementation: std::mutex
2025/05/12-17:33:31.771634 34f4 Jemalloc supported: 0
2025/05/12-17:33:31.775281 34f4 [db\version_set.cc:6068] Recovering from manifest file: C:\Users\Behidj Neila\Desktop\manipulationUniversite - Copie (2) - Copie\Hyperledger_Besu\Clique-Network\Node-1\data\database/MANIFEST-000057
2025/05/12-17:33:31.776137 34f4 [db\column_family.cc:629] --------------- Options for column family [default]:
2025/05/12-17:33:31.776190 34f4               Options.comparator: leveldb.BytewiseComparator
2025/05/12-17:33:31.776219 34f4           Options.merge_operator: None
2025/05/12-17:33:31.776234 34f4        Options.compaction_filter: None
2025/05/12-17:33:31.776248 34f4        Options.compaction_filter_factory: None
2025/05/12-17:33:31.776262 34f4  Options.sst_partitioner_factory: None
2025/05/12-17:33:31.776282 34f4         Options.memtable_factory: SkipListFactory
2025/05/12-17:33:31.776297 34f4            Options.table_factory: BlockBasedTable
2025/05/12-17:33:31.776389 34f4            table_factory options:   flush_block_policy_factory: FlushBlockBySizePolicyFactory (0000022D0504B560)
  cache_index_and_filter_blocks: 0
  cache_index_and_filter_blocks_with_high_priority: 1
  pin_l0_filter_and_index_blocks_in_cache: 0
  pin_top_level_index_and_filter: 1
  index_type: 0
  data_block_index_type: 0
  index_shortening: 1
  data_block_hash_table_util_ratio: 0.750000
  checksum: 4
  no_block_cache: 0
  block_cache: 0000022D080785B0
  block_cache_name: LRUCache
  block_cache_options:
    capacity : 134217728
    num_shard_bits : 6
    strict_capacity_limit : 0
    memory_allocator : None
    high_pri_pool_ratio: 0.000
    low_pri_pool_ratio: 0.000
  persistent_cache: 0000000000000000
  block_size: 32768
  block_size_deviation: 10
  block_restart_interval: 16
  index_block_restart_interval: 1
  metadata_block_size: 4096
  partition_filters: 0
  use_delta_encoding: 1
  filter_policy: bloomfilter
  whole_key_filtering: 1
  verify_compression: 0
  read_amp_bytes_per_bit: 0
  format_version: 5
  enable_index_compression: 1
  block_align: 0
  max_auto_readahead_size: 262144
  prepopulate_block_cache: 0
  initial_auto_readahead_size: 8192
  num_file_reads_for_auto_readahead: 2
2025/05/12-17:33:31.776501 34f4        Options.write_buffer_size: 67108864
2025/05/12-17:33:31.776590 34f4  Options.max_write_buffer_number: 2
2025/05/12-17:33:31.776609 34f4          Options.compression: LZ4
2025/05/12-17:33:31.776625 34f4                  Options.bottommost_compression: Disabled
2025/05/12-17:33:31.776640 34f4       Options.prefix_extractor: nullptr
2025/05/12-17:33:31.776654 34f4   Options.memtable_insert_with_hint_prefix_extractor: nullptr
2025/05/12-17:33:31.776666 34f4             Options.num_levels: 7
2025/05/12-17:33:31.776679 34f4        Options.min_write_buffer_number_to_merge: 1
2025/05/12-17:33:31.776693 34f4     Options.max_write_buffer_number_to_maintain: 0
2025/05/12-17:33:31.776708 34f4     Options.max_write_buffer_size_to_maintain: 134217728
2025/05/12-17:33:31.776733 34f4            Options.bottommost_compression_opts.window_bits: -14
2025/05/12-17:33:31.776794 34f4                  Options.bottommost_compression_opts.level: 32767
2025/05/12-17:33:31.776908 34f4               Options.bottommost_compression_opts.strategy: 0
2025/05/12-17:33:31.776999 34f4         Options.bottommost_compression_opts.max_dict_bytes: 0
2025/05/12-17:33:31.777017 34f4         Options.bottommost_compression_opts.zstd_max_train_bytes: 0
2025/05/12-17:33:31.777030 34f4         Options.bottommost_compression_opts.parallel_threads: 1
2025/05/12-17:33:31.777045 34f4                  Options.bottommost_compression_opts.enabled: false
2025/05/12-17:33:31.777059 34f4         Options.bottommost_compression_opts.max_dict_buffer_bytes: 0
2025/05/12-17:33:31.777074 34f4         Options.bottommost_compression_opts.use_zstd_dict_trainer: true
2025/05/12-17:33:31.777089 34f4            Options.compression_opts.window_bits: -14
2025/05/12-17:33:31.777102 34f4                  Options.compression_opts.level: 32767
2025/05/12-17:33:31.777115 34f4               Options.compression_opts.strategy: 0
2025/05/12-17:33:31.777129 34f4         Options.compression_opts.max_dict_bytes: 0
2025/05/12-17:33:31.777143 34f4         Options.compression_opts.zstd_max_train_bytes: 0
2025/05/12-17:33:31.777157 34f4         Options.compression_opts.use_zstd_dict_trainer: true
2025/05/12-17:33:31.777172 34f4         Options.compression_opts.parallel_threads: 1
2025/05/12-17:33:31.777186 34f4                  Options.compression_opts.enabled: false
2025/05/12-17:33:31.777201 34f4         Options.compression_opts.max_dict_buffer_bytes: 0
2025/05/12-17:33:31.777216 34f4      Options.level0_file_num_compaction_trigger: 4
2025/05/12-17:33:31.777231 34f4          Options.level0_slowdown_writes_trigger: 20
2025/05/12-17:33:31.777247 34f4              Options.level0_stop_writes_trigger: 36
2025/05/12-17:33:31.777264 34f4                   Options.target_file_size_base: 67108864
2025/05/12-17:33:31.777281 34f4             Options.target_file_size_multiplier: 1
2025/05/12-17:33:31.777362 34f4                Options.max_bytes_for_level_base: 268435456
2025/05/12-17:33:31.777381 34f4 Options.level_compaction_dynamic_level_bytes: 1
2025/05/12-17:33:31.777400 34f4          Options.max_bytes_for_level_multiplier: 10.000000
2025/05/12-17:33:31.777419 34f4 Options.max_bytes_for_level_multiplier_addtl[0]: 1
2025/05/12-17:33:31.777434 34f4 Options.max_bytes_for_level_multiplier_addtl[1]: 1
2025/05/12-17:33:31.777449 34f4 Options.max_bytes_for_level_multiplier_addtl[2]: 1
2025/05/12-17:33:31.777464 34f4 Options.max_bytes_for_level_multiplier_addtl[3]: 1
2025/05/12-17:33:31.777479 34f4 Options.max_bytes_for_level_multiplier_addtl[4]: 1
2025/05/12-17:33:31.777496 34f4 Options.max_bytes_for_level_multiplier_addtl[5]: 1
2025/05/12-17:33:31.777513 34f4 Options.max_bytes_for_level_multiplier_addtl[6]: 1
2025/05/12-17:33:31.777527 34f4       Options.max_sequential_skip_in_iterations: 8
2025/05/12-17:33:31.777543 34f4                    Options.max_compaction_bytes: 1677721600
2025/05/12-17:33:31.777558 34f4                        Options.arena_block_size: 1048576
2025/05/12-17:33:31.777571 34f4   Options.soft_pending_compaction_bytes_limit: 68719476736
2025/05/12-17:33:31.777583 34f4   Options.hard_pending_compaction_bytes_limit: 274877906944
2025/05/12-17:33:31.777595 34f4                Options.disable_auto_compactions: 0
2025/05/12-17:33:31.777612 34f4                        Options.compaction_style: kCompactionStyleLevel
2025/05/12-17:33:31.777728 34f4                          Options.compaction_pri: kMinOverlappingRatio
2025/05/12-17:33:31.777765 34f4 Options.compaction_options_universal.size_ratio: 1
2025/05/12-17:33:31.777780 34f4 Options.compaction_options_universal.min_merge_width: 2
2025/05/12-17:33:31.777793 34f4 Options.compaction_options_universal.max_merge_width: 4294967295
2025/05/12-17:33:31.777808 34f4 Options.compaction_options_universal.max_size_amplification_percent: 200
2025/05/12-17:33:31.778050 34f4 Options.compaction_options_universal.compression_size_percent: -1
2025/05/12-17:33:31.778231 34f4 Options.compaction_options_universal.stop_style: kCompactionStopStyleTotalSize
2025/05/12-17:33:31.778254 34f4 Options.compaction_options_universal.max_read_amp: -1
2025/05/12-17:33:31.778272 34f4 Options.compaction_options_fifo.max_table_files_size: 1073741824
2025/05/12-17:33:31.778289 34f4 Options.compaction_options_fifo.allow_compaction: 0
2025/05/12-17:33:31.778331 34f4                   Options.table_properties_collectors: 
2025/05/12-17:33:31.778348 34f4                   Options.inplace_update_support: 0
2025/05/12-17:33:31.778619 34f4                 Options.inplace_update_num_locks: 10000
2025/05/12-17:33:31.778644 34f4               Options.memtable_prefix_bloom_size_ratio: 0.000000
2025/05/12-17:33:31.778753 34f4               Options.memtable_whole_key_filtering: 0
2025/05/12-17:33:31.778787 34f4   Options.memtable_huge_page_size: 0
2025/05/12-17:33:31.778797 34f4                           Options.bloom_locality: 0
2025/05/12-17:33:31.778808 34f4                    Options.max_successive_merges: 0
2025/05/12-17:33:31.778817 34f4             Options.strict_max_successive_merges: 0
2025/05/12-17:33:31.778826 34f4                Options.optimize_filters_for_hits: 0
2025/05/12-17:33:31.778839 34f4                Options.paranoid_file_checks: 0
2025/05/12-17:33:31.778854 34f4                Options.force_consistency_checks: 1
2025/05/12-17:33:31.778866 34f4                Options.report_bg_io_stats: 0
2025/05/12-17:33:31.778879 34f4                               Options.ttl: 0
2025/05/12-17:33:31.778893 34f4          Options.periodic_compaction_seconds: 0
2025/05/12-17:33:31.778909 34f4                        Options.default_temperature: kUnknown
2025/05/12-17:33:31.778922 34f4  Options.preclude_last_level_data_seconds: 0
2025/05/12-17:33:31.778934 34f4    Options.preserve_internal_time_seconds: 0
2025/05/12-17:33:31.778947 34f4                       Options.enable_blob_files: false
2025/05/12-17:33:31.778960 34f4                           Options.min_blob_size: 0
2025/05/12-17:33:31.778973 34f4                          Options.blob_file_size: 268435456
2025/05/12-17:33:31.778987 34f4                   Options.blob_compression_type: NoCompression
2025/05/12-17:33:31.779001 34f4          Options.enable_blob_garbage_collection: false
2025/05/12-17:33:31.779093 34f4      Options.blob_garbage_collection_age_cutoff: 0.250000
2025/05/12-17:33:31.779140 34f4 Options.blob_garbage_collection_force_threshold: 1.000000
2025/05/12-17:33:31.779159 34f4          Options.blob_compaction_readahead_size: 0
2025/05/12-17:33:31.779175 34f4                Options.blob_file_starting_level: 0
2025/05/12-17:33:31.779192 34f4         Options.experimental_mempurge_threshold: 0.000000
2025/05/12-17:33:31.779204 34f4            Options.memtable_max_range_deletions: 0
2025/05/12-17:33:31.779772 34f4 [db\column_family.cc:629] --------------- Options for column family []:
2025/05/12-17:33:31.779805 34f4               Options.comparator: leveldb.BytewiseComparator
2025/05/12-17:33:31.779820 34f4           Options.merge_operator: None
2025/05/12-17:33:31.779834 34f4        Options.compaction_filter: None
2025/05/12-17:33:31.779848 34f4        Options.compaction_filter_factory: None
2025/05/12-17:33:31.779861 34f4  Options.sst_partitioner_factory: None
2025/05/12-17:33:31.779875 34f4         Options.memtable_factory: SkipListFactory
2025/05/12-17:33:31.779888 34f4            Options.table_factory: BlockBasedTable
2025/05/12-17:33:31.780051 34f4            table_factory options:   flush_block_policy_factory: FlushBlockBySizePolicyFactory (0000022D05F23CA0)
  cache_index_and_filter_blocks: 0
  cache_index_and_filter_blocks_with_high_priority: 1
  pin_l0_filter_and_index_blocks_in_cache: 0
  pin_top_level_index_and_filter: 1
  index_type: 0
  data_block_index_type: 0
  index_shortening: 1
  data_block_hash_table_util_ratio: 0.750000
  checksum: 4
  no_block_cache: 0
  block_cache: 0000022D08078060
  block_cache_name: LRUCache
  block_cache_options:
    capacity : 134217728
    num_shard_bits : 6
    strict_capacity_limit : 0
    memory_allocator : None
    high_pri_pool_ratio: 0.000
    low_pri_pool_ratio: 0.000
  persistent_cache: 0000000000000000
  block_size: 32768
  block_size_deviation: 10
  block_restart_interval: 16
  index_block_restart_interval: 1
  metadata_block_size: 4096
  partition_filters: 0
  use_delta_encoding: 1
  filter_policy: bloomfilter
  whole_key_filtering: 1
  verify_compression: 0
  read_amp_bytes_per_bit: 0
  format_version: 5
  enable_index_compression: 1
  block_align: 0
  max_auto_readahead_size: 262144
  prepopulate_block_cache: 0
  initial_auto_readahead_size: 8192
  num_file_reads_for_auto_readahead: 2
2025/05/12-17:33:31.780094 34f4        Options.write_buffer_size: 67108864
2025/05/12-17:33:31.780126 34f4  Options.max_write_buffer_number: 2
2025/05/12-17:33:31.780449 34f4          Options.compression: LZ4
2025/05/12-17:33:31.780704 34f4                  Options.bottommost_compression: Disabled
2025/05/12-17:33:31.780738 34f4       Options.prefix_extractor: nullptr
2025/05/12-17:33:31.780753 34f4   Options.memtable_insert_with_hint_prefix_extractor: nullptr
2025/05/12-17:33:31.780766 34f4             Options.num_levels: 7
2025/05/12-17:33:31.780780 34f4        Options.min_write_buffer_number_to_merge: 1
2025/05/12-17:33:31.780792 34f4     Options.max_write_buffer_number_to_maintain: 0
2025/05/12-17:33:31.780806 34f4     Options.max_write_buffer_size_to_maintain: 134217728
2025/05/12-17:33:31.780820 34f4            Options.bottommost_compression_opts.window_bits: -14
2025/05/12-17:33:31.780834 34f4                  Options.bottommost_compression_opts.level: 32767
2025/05/12-17:33:31.780848 34f4               Options.bottommost_compression_opts.strategy: 0
2025/05/12-17:33:31.780860 34f4         Options.bottommost_compression_opts.max_dict_bytes: 0
2025/05/12-17:33:31.780875 34f4         Options.bottommost_compression_opts.zstd_max_train_bytes: 0
2025/05/12-17:33:31.780889 34f4         Options.bottommost_compression_opts.parallel_threads: 1
2025/05/12-17:33:31.780904 34f4                  Options.bottommost_compression_opts.enabled: false
2025/05/12-17:33:31.780918 34f4         Options.bottommost_compression_opts.max_dict_buffer_bytes: 0
2025/05/12-17:33:31.780929 34f4         Options.bottommost_compression_opts.use_zstd_dict_trainer: true
2025/05/12-17:33:31.780938 34f4            Options.compression_opts.window_bits: -14
2025/05/12-17:33:31.780947 34f4                  Options.compression_opts.level: 32767
2025/05/12-17:33:31.780956 34f4               Options.compression_opts.strategy: 0
2025/05/12-17:33:31.780965 34f4         Options.compression_opts.max_dict_bytes: 0
2025/05/12-17:33:31.780974 34f4         Options.compression_opts.zstd_max_train_bytes: 0
2025/05/12-17:33:31.780983 34f4         Options.compression_opts.use_zstd_dict_trainer: true
2025/05/12-17:33:31.780993 34f4         Options.compression_opts.parallel_threads: 1
2025/05/12-17:33:31.781002 34f4                  Options.compression_opts.enabled: false
2025/05/12-17:33:31.781011 34f4         Options.compression_opts.max_dict_buffer_bytes: 0
2025/05/12-17:33:31.781048 34f4      Options.level0_file_num_compaction_trigger: 4
2025/05/12-17:33:31.781058 34f4          Options.level0_slowdown_writes_trigger: 20
2025/05/12-17:33:31.781067 34f4              Options.level0_stop_writes_trigger: 36
2025/05/12-17:33:31.781076 34f4                   Options.target_file_size_base: 67108864
2025/05/12-17:33:31.781085 34f4             Options.target_file_size_multiplier: 1
2025/05/12-17:33:31.781094 34f4                Options.max_bytes_for_level_base: 268435456
2025/05/12-17:33:31.781104 34f4 Options.level_compaction_dynamic_level_bytes: 1
2025/05/12-17:33:31.781116 34f4          Options.max_bytes_for_level_multiplier: 10.000000
2025/05/12-17:33:31.781127 34f4 Options.max_bytes_for_level_multiplier_addtl[0]: 1
2025/05/12-17:33:31.781136 34f4 Options.max_bytes_for_level_multiplier_addtl[1]: 1
2025/05/12-17:33:31.781145 34f4 Options.max_bytes_for_level_multiplier_addtl[2]: 1
2025/05/12-17:33:31.781162 34f4 Options.max_bytes_for_level_multiplier_addtl[3]: 1
2025/05/12-17:33:31.781176 34f4 Options.max_bytes_for_level_multiplier_addtl[4]: 1
2025/05/12-17:33:31.781186 34f4 Options.max_bytes_for_level_multiplier_addtl[5]: 1
2025/05/12-17:33:31.781196 34f4 Options.max_bytes_for_level_multiplier_addtl[6]: 1
2025/05/12-17:33:31.781302 34f4       Options.max_sequential_skip_in_iterations: 8
2025/05/12-17:33:31.781427 34f4                    Options.max_compaction_bytes: 1677721600
2025/05/12-17:33:31.781569 34f4                        Options.arena_block_size: 1048576
2025/05/12-17:33:31.781601 34f4   Options.soft_pending_compaction_bytes_limit: 68719476736
2025/05/12-17:33:31.781616 34f4   Options.hard_pending_compaction_bytes_limit: 274877906944
2025/05/12-17:33:31.781631 34f4                Options.disable_auto_compactions: 0
2025/05/12-17:33:31.781647 34f4                        Options.compaction_style: kCompactionStyleLevel
2025/05/12-17:33:31.781661 34f4                          Options.compaction_pri: kMinOverlappingRatio
2025/05/12-17:33:31.781674 34f4 Options.compaction_options_universal.size_ratio: 1
2025/05/12-17:33:31.781687 34f4 Options.compaction_options_universal.min_merge_width: 2
2025/05/12-17:33:31.781706 34f4 Options.compaction_options_universal.max_merge_width: 4294967295
2025/05/12-17:33:31.781724 34f4 Options.compaction_options_universal.max_size_amplification_percent: 200
2025/05/12-17:33:31.781737 34f4 Options.compaction_options_universal.compression_size_percent: -1
2025/05/12-17:33:31.781753 34f4 Options.compaction_options_universal.stop_style: kCompactionStopStyleTotalSize
2025/05/12-17:33:31.781766 34f4 Options.compaction_options_universal.max_read_amp: -1
2025/05/12-17:33:31.781779 34f4 Options.compaction_options_fifo.max_table_files_size: 1073741824
2025/05/12-17:33:31.781794 34f4 Options.compaction_options_fifo.allow_compaction: 0
2025/05/12-17:33:31.781816 34f4                   Options.table_properties_collectors: 
2025/05/12-17:33:31.781831 34f4                   Options.inplace_update_support: 0
2025/05/12-17:33:31.781845 34f4                 Options.inplace_update_num_locks: 10000
2025/05/12-17:33:31.781862 34f4               Options.memtable_prefix_bloom_size_ratio: 0.000000
2025/05/12-17:33:31.781877 34f4               Options.memtable_whole_key_filtering: 0
2025/05/12-17:33:31.781894 34f4   Options.memtable_huge_page_size: 0
2025/05/12-17:33:31.781908 34f4                           Options.bloom_locality: 0
2025/05/12-17:33:31.781921 34f4                    Options.max_successive_merges: 0
2025/05/12-17:33:31.781936 34f4             Options.strict_max_successive_merges: 0
2025/05/12-17:33:31.781952 34f4                Options.optimize_filters_for_hits: 0
2025/05/12-17:33:31.781968 34f4                Options.paranoid_file_checks: 0
2025/05/12-17:33:31.781982 34f4                Options.force_consistency_checks: 1
2025/05/12-17:33:31.781996 34f4                Options.report_bg_io_stats: 0
2025/05/12-17:33:31.782010 34f4                               Options.ttl: 0
2025/05/12-17:33:31.782023 34f4          Options.periodic_compaction_seconds: 0
2025/05/12-17:33:31.782038 34f4                        Options.default_temperature: kUnknown
2025/05/12-17:33:31.782053 34f4  Options.preclude_last_level_data_seconds: 0
2025/05/12-17:33:31.782067 34f4    Options.preserve_internal_time_seconds: 0
2025/05/12-17:33:31.782081 34f4                       Options.enable_blob_files: true
2025/05/12-17:33:31.782095 34f4                           Options.min_blob_size: 100
2025/05/12-17:33:31.782109 34f4                          Options.blob_file_size: 268435456
2025/05/12-17:33:31.782124 34f4                   Options.blob_compression_type: LZ4
2025/05/12-17:33:31.782134 34f4          Options.enable_blob_garbage_collection: false
2025/05/12-17:33:31.782146 34f4      Options.blob_garbage_collection_age_cutoff: 0.250000
2025/05/12-17:33:31.782157 34f4 Options.blob_garbage_collection_force_threshold: 1.000000
2025/05/12-17:33:31.782167 34f4          Options.blob_compaction_readahead_size: 0
2025/05/12-17:33:31.782184 34f4                Options.blob_file_starting_level: 0
2025/05/12-17:33:31.782198 34f4         Options.experimental_mempurge_threshold: 0.000000
2025/05/12-17:33:31.782208 34f4            Options.memtable_max_range_deletions: 0
2025/05/12-17:33:31.782500 34f4 [db\column_family.cc:629] --------------- Options for column family []:
2025/05/12-17:33:31.782526 34f4               Options.comparator: leveldb.BytewiseComparator
2025/05/12-17:33:31.782541 34f4           Options.merge_operator: None
2025/05/12-17:33:31.782555 34f4        Options.compaction_filter: None
2025/05/12-17:33:31.782565 34f4        Options.compaction_filter_factory: None
2025/05/12-17:33:31.782574 34f4  Options.sst_partitioner_factory: None
2025/05/12-17:33:31.782583 34f4         Options.memtable_factory: SkipListFactory
2025/05/12-17:33:31.782592 34f4            Options.table_factory: BlockBasedTable
2025/05/12-17:33:31.782651 34f4            table_factory options:   flush_block_policy_factory: FlushBlockBySizePolicyFactory (0000022D066A5430)
  cache_index_and_filter_blocks: 0
  cache_index_and_filter_blocks_with_high_priority: 1
  pin_l0_filter_and_index_blocks_in_cache: 0
  pin_top_level_index_and_filter: 1
  index_type: 0
  data_block_index_type: 0
  index_shortening: 1
  data_block_hash_table_util_ratio: 0.750000
  checksum: 4
  no_block_cache: 0
  block_cache: 0000022D0807C790
  block_cache_name: LRUCache
  block_cache_options:
    capacity : 134217728
    num_shard_bits : 6
    strict_capacity_limit : 0
    memory_allocator : None
    high_pri_pool_ratio: 0.000
    low_pri_pool_ratio: 0.000
  persistent_cache: 0000000000000000
  block_size: 32768
  block_size_deviation: 10
  block_restart_interval: 16
  index_block_restart_interval: 1
  metadata_block_size: 4096
  partition_filters: 0
  use_delta_encoding: 1
  filter_policy: bloomfilter
  whole_key_filtering: 1
  verify_compression: 0
  read_amp_bytes_per_bit: 0
  format_version: 5
  enable_index_compression: 1
  block_align: 0
  max_auto_readahead_size: 262144
  prepopulate_block_cache: 0
  initial_auto_readahead_size: 8192
  num_file_reads_for_auto_readahead: 2
2025/05/12-17:33:31.782668 34f4        Options.write_buffer_size: 67108864
2025/05/12-17:33:31.782682 34f4  Options.max_write_buffer_number: 2
2025/05/12-17:33:31.782696 34f4          Options.compression: LZ4
2025/05/12-17:33:31.782711 34f4                  Options.bottommost_compression: Disabled
2025/05/12-17:33:31.782722 34f4       Options.prefix_extractor: nullptr
2025/05/12-17:33:31.782733 34f4   Options.memtable_insert_with_hint_prefix_extractor: nullptr
2025/05/12-17:33:31.782747 34f4             Options.num_levels: 7
2025/05/12-17:33:31.782760 34f4        Options.min_write_buffer_number_to_merge: 1
2025/05/12-17:33:31.782773 34f4     Options.max_write_buffer_number_to_maintain: 0
2025/05/12-17:33:31.782787 34f4     Options.max_write_buffer_size_to_maintain: 134217728
2025/05/12-17:33:31.782802 34f4            Options.bottommost_compression_opts.window_bits: -14
2025/05/12-17:33:31.782816 34f4                  Options.bottommost_compression_opts.level: 32767
2025/05/12-17:33:31.782831 34f4               Options.bottommost_compression_opts.strategy: 0
2025/05/12-17:33:31.782845 34f4         Options.bottommost_compression_opts.max_dict_bytes: 0
2025/05/12-17:33:31.782860 34f4         Options.bottommost_compression_opts.zstd_max_train_bytes: 0
2025/05/12-17:33:31.782877 34f4         Options.bottommost_compression_opts.parallel_threads: 1
2025/05/12-17:33:31.782892 34f4                  Options.bottommost_compression_opts.enabled: false
2025/05/12-17:33:31.782907 34f4         Options.bottommost_compression_opts.max_dict_buffer_bytes: 0
2025/05/12-17:33:31.782922 34f4         Options.bottommost_compression_opts.use_zstd_dict_trainer: true
2025/05/12-17:33:31.782936 34f4            Options.compression_opts.window_bits: -14
2025/05/12-17:33:31.782951 34f4                  Options.compression_opts.level: 32767
2025/05/12-17:33:31.782965 34f4               Options.compression_opts.strategy: 0
2025/05/12-17:33:31.783095 34f4         Options.compression_opts.max_dict_bytes: 0
2025/05/12-17:33:31.783133 34f4         Options.compression_opts.zstd_max_train_bytes: 0
2025/05/12-17:33:31.783148 34f4         Options.compression_opts.use_zstd_dict_trainer: true
2025/05/12-17:33:31.783188 34f4         Options.compression_opts.parallel_threads: 1
2025/05/12-17:33:31.783205 34f4                  Options.compression_opts.enabled: false
2025/05/12-17:33:31.783219 34f4         Options.compression_opts.max_dict_buffer_bytes: 0
2025/05/12-17:33:31.783306 34f4      Options.level0_file_num_compaction_trigger: 4
2025/05/12-17:33:31.783323 34f4          Options.level0_slowdown_writes_trigger: 20
2025/05/12-17:33:31.783337 34f4              Options.level0_stop_writes_trigger: 36
2025/05/12-17:33:31.783352 34f4                   Options.target_file_size_base: 67108864
2025/05/12-17:33:31.783365 34f4             Options.target_file_size_multiplier: 1
2025/05/12-17:33:31.783378 34f4                Options.max_bytes_for_level_base: 268435456
2025/05/12-17:33:31.783393 34f4 Options.level_compaction_dynamic_level_bytes: 1
2025/05/12-17:33:31.783410 34f4          Options.max_bytes_for_level_multiplier: 10.000000
2025/05/12-17:33:31.783426 34f4 Options.max_bytes_for_level_multiplier_addtl[0]: 1
2025/05/12-17:33:31.783438 34f4 Options.max_bytes_for_level_multiplier_addtl[1]: 1
2025/05/12-17:33:31.783447 34f4 Options.max_bytes_for_level_multiplier_addtl[2]: 1
2025/05/12-17:33:31.783456 34f4 Options.max_bytes_for_level_multiplier_addtl[3]: 1
2025/05/12-17:33:31.783465 34f4 Options.max_bytes_for_level_multiplier_addtl[4]: 1
2025/05/12-17:33:31.783474 34f4 Options.max_bytes_for_level_multiplier_addtl[5]: 1
2025/05/12-17:33:31.783483 34f4 Options.max_bytes_for_level_multiplier_addtl[6]: 1
2025/05/12-17:33:31.783492 34f4       Options.max_sequential_skip_in_iterations: 8
2025/05/12-17:33:31.783502 34f4                    Options.max_compaction_bytes: 1677721600
2025/05/12-17:33:31.783511 34f4                        Options.arena_block_size: 1048576
2025/05/12-17:33:31.783520 34f4   Options.soft_pending_compaction_bytes_limit: 68719476736
2025/05/12-17:33:31.783530 34f4   Options.hard_pending_compaction_bytes_limit: 274877906944
2025/05/12-17:33:31.783539 34f4                Options.disable_auto_compactions: 0
2025/05/12-17:33:31.783550 34f4                        Options.compaction_style: kCompactionStyleLevel
2025/05/12-17:33:31.783562 34f4                          Options.compaction_pri: kMinOverlappingRatio
2025/05/12-17:33:31.783572 34f4 Options.compaction_options_universal.size_ratio: 1
2025/05/12-17:33:31.783581 34f4 Options.compaction_options_universal.min_merge_width: 2
2025/05/12-17:33:31.783591 34f4 Options.compaction_options_universal.max_merge_width: 4294967295
2025/05/12-17:33:31.783600 34f4 Options.compaction_options_universal.max_size_amplification_percent: 200
2025/05/12-17:33:31.783610 34f4 Options.compaction_options_universal.compression_size_percent: -1
2025/05/12-17:33:31.783621 34f4 Options.compaction_options_universal.stop_style: kCompactionStopStyleTotalSize
2025/05/12-17:33:31.783631 34f4 Options.compaction_options_universal.max_read_amp: -1
2025/05/12-17:33:31.783640 34f4 Options.compaction_options_fifo.max_table_files_size: 1073741824
2025/05/12-17:33:31.783651 34f4 Options.compaction_options_fifo.allow_compaction: 0
2025/05/12-17:33:31.783666 34f4                   Options.table_properties_collectors: 
2025/05/12-17:33:31.783680 34f4                   Options.inplace_update_support: 0
2025/05/12-17:33:31.783689 34f4                 Options.inplace_update_num_locks: 10000
2025/05/12-17:33:31.783699 34f4               Options.memtable_prefix_bloom_size_ratio: 0.000000
2025/05/12-17:33:31.783709 34f4               Options.memtable_whole_key_filtering: 0
2025/05/12-17:33:31.783718 34f4   Options.memtable_huge_page_size: 0
2025/05/12-17:33:31.783727 34f4                           Options.bloom_locality: 0
2025/05/12-17:33:31.783737 34f4                    Options.max_successive_merges: 0
2025/05/12-17:33:31.783752 34f4             Options.strict_max_successive_merges: 0
2025/05/12-17:33:31.783764 34f4                Options.optimize_filters_for_hits: 0
2025/05/12-17:33:31.783774 34f4                Options.paranoid_file_checks: 0
2025/05/12-17:33:31.783783 34f4                Options.force_consistency_checks: 1
2025/05/12-17:33:31.783792 34f4                Options.report_bg_io_stats: 0
2025/05/12-17:33:31.783801 34f4                               Options.ttl: 0
2025/05/12-17:33:31.783810 34f4          Options.periodic_compaction_seconds: 0
2025/05/12-17:33:31.783819 34f4                        Options.default_temperature: kUnknown
2025/05/12-17:33:31.783829 34f4  Options.preclude_last_level_data_seconds: 0
2025/05/12-17:33:31.783838 34f4    Options.preserve_internal_time_seconds: 0
2025/05/12-17:33:31.783848 34f4                       Options.enable_blob_files: false
2025/05/12-17:33:31.783858 34f4                           Options.min_blob_size: 0
2025/05/12-17:33:31.783867 34f4                          Options.blob_file_size: 268435456
2025/05/12-17:33:31.783877 34f4                   Options.blob_compression_type: NoCompression
2025/05/12-17:33:31.783887 34f4          Options.enable_blob_garbage_collection: false
2025/05/12-17:33:31.783897 34f4      Options.blob_garbage_collection_age_cutoff: 0.250000
2025/05/12-17:33:31.783907 34f4 Options.blob_garbage_collection_force_threshold: 1.000000
2025/05/12-17:33:31.783917 34f4          Options.blob_compaction_readahead_size: 0
2025/05/12-17:33:31.783926 34f4                Options.blob_file_starting_level: 0
2025/05/12-17:33:31.783936 34f4         Options.experimental_mempurge_threshold: 0.000000
2025/05/12-17:33:31.783945 34f4            Options.memtable_max_range_deletions: 0
2025/05/12-17:33:31.784068 34f4 [db\column_family.cc:629] --------------- Options for column family []:
2025/05/12-17:33:31.784083 34f4               Options.comparator: leveldb.BytewiseComparator
2025/05/12-17:33:31.784093 34f4           Options.merge_operator: None
2025/05/12-17:33:31.784103 34f4        Options.compaction_filter: None
2025/05/12-17:33:31.784117 34f4        Options.compaction_filter_factory: None
2025/05/12-17:33:31.784131 34f4  Options.sst_partitioner_factory: None
2025/05/12-17:33:31.784144 34f4         Options.memtable_factory: SkipListFactory
2025/05/12-17:33:31.784158 34f4            Options.table_factory: BlockBasedTable
2025/05/12-17:33:31.784223 34f4            table_factory options:   flush_block_policy_factory: FlushBlockBySizePolicyFactory (0000022D06F99580)
  cache_index_and_filter_blocks: 0
  cache_index_and_filter_blocks_with_high_priority: 1
  pin_l0_filter_and_index_blocks_in_cache: 0
  pin_top_level_index_and_filter: 1
  index_type: 0
  data_block_index_type: 0
  index_shortening: 1
  data_block_hash_table_util_ratio: 0.750000
  checksum: 4
  no_block_cache: 0
  block_cache: 0000022D0807AD00
  block_cache_name: LRUCache
  block_cache_options:
    capacity : 134217728
    num_shard_bits : 6
    strict_capacity_limit : 0
    memory_allocator : None
    high_pri_pool_ratio: 0.000
