2025/05/21-15:29:33.965591 4af8 RocksDB version: 9.7.3
2025/05/21-15:29:33.965674 4af8 Git sha 0e2801ac30b3f283c3b14e523ba3667eca024f09
2025/05/21-15:29:33.965691 4af8 Compile date 2024-10-25 18:33:05
2025/05/21-15:29:33.965710 4af8 DB SUMMARY
2025/05/21-15:29:33.965721 4af8 Host name (Env):  LAPTOP-1F7HT6L0
2025/05/21-15:29:33.965730 4af8 DB Session ID:  A4JEFOY17F4WY9TOGGTY
2025/05/21-15:29:33.969112 4af8 CURRENT file:  CURRENT
2025/05/21-15:29:33.969134 4af8 IDENTITY file:  IDENTITY
2025/05/21-15:29:33.969204 4af8 MANIFEST file:  MANIFEST-000277 size: 3221 Bytes
2025/05/21-15:29:33.969223 4af8 SST files in C:\Users\Behidj Neila\Desktop\manipulationUniversite - Copie (2) - Copie\Hyperledger_Besu\Clique-Network\Node-2\data\database dir, Total Num: 4, files: 000250.sst 000274.sst 000283.sst 000294.sst 
2025/05/21-15:29:33.969535 4af8 Write Ahead Log file in C:\Users\Behidj Neila\Desktop\manipulationUniversite - Copie (2) - Copie\Hyperledger_Besu\Clique-Network\Node-2\data\database: 000004.log size: 59401 ; 000038.log size: 535210 ; 000071.log size: 523915 ; 000105.log size: 160792 ; 000138.log size: 300701 ; 000173.log size: 1401580 ; 000207.log size: 222494 ; 000241.log size: 2134750 ; 000276.log size: 2393610 ; 
2025/05/21-15:29:33.969553 4af8                         Options.error_if_exists: 0
2025/05/21-15:29:33.969559 4af8                       Options.create_if_missing: 1
2025/05/21-15:29:33.969565 4af8                         Options.paranoid_checks: 1
2025/05/21-15:29:33.969570 4af8             Options.flush_verify_memtable_count: 1
2025/05/21-15:29:33.969575 4af8          Options.compaction_verify_record_count: 1
2025/05/21-15:29:33.969581 4af8                               Options.track_and_verify_wals_in_manifest: 0
2025/05/21-15:29:33.969595 4af8        Options.verify_sst_unique_id_in_manifest: 1
2025/05/21-15:29:33.969601 4af8                                     Options.env: 000001CE7D7A5760
2025/05/21-15:29:33.969607 4af8                                      Options.fs: WinFS
2025/05/21-15:29:33.969612 4af8                                Options.info_log: 000001CE7E0370D0
2025/05/21-15:29:33.969617 4af8                Options.max_file_opening_threads: 16
2025/05/21-15:29:33.969623 4af8                              Options.statistics: 000001CE7E5FCF90
2025/05/21-15:29:33.969628 4af8                              Options.statistics stats level: 3
2025/05/21-15:29:33.969633 4af8                               Options.use_fsync: 0
2025/05/21-15:29:33.969639 4af8                       Options.max_log_file_size: 0
2025/05/21-15:29:33.969645 4af8                  Options.max_manifest_file_size: 1073741824
2025/05/21-15:29:33.969650 4af8                   Options.log_file_time_to_roll: 86400
2025/05/21-15:29:33.969656 4af8                       Options.keep_log_file_num: 7
2025/05/21-15:29:33.969662 4af8                    Options.recycle_log_file_num: 16
2025/05/21-15:29:33.969667 4af8                         Options.allow_fallocate: 1
2025/05/21-15:29:33.969673 4af8                        Options.allow_mmap_reads: 0
2025/05/21-15:29:33.969679 4af8                       Options.allow_mmap_writes: 0
2025/05/21-15:29:33.969684 4af8                        Options.use_direct_reads: 0
2025/05/21-15:29:33.969690 4af8                        Options.use_direct_io_for_flush_and_compaction: 0
2025/05/21-15:29:33.969696 4af8          Options.create_missing_column_families: 1
2025/05/21-15:29:33.969701 4af8                              Options.db_log_dir: 
2025/05/21-15:29:33.969707 4af8                                 Options.wal_dir: 
2025/05/21-15:29:33.969770 4af8                Options.table_cache_numshardbits: 6
2025/05/21-15:29:33.969776 4af8                         Options.WAL_ttl_seconds: 0
2025/05/21-15:29:33.969786 4af8                       Options.WAL_size_limit_MB: 0
2025/05/21-15:29:33.969792 4af8                        Options.max_write_batch_group_size_bytes: 1048576
2025/05/21-15:29:33.969797 4af8             Options.manifest_preallocation_size: 4194304
2025/05/21-15:29:33.969803 4af8                     Options.is_fd_close_on_exec: 1
2025/05/21-15:29:33.969857 4af8                   Options.advise_random_on_open: 1
2025/05/21-15:29:33.969865 4af8                    Options.db_write_buffer_size: 0
2025/05/21-15:29:33.969870 4af8                    Options.write_buffer_manager: 000001CE7D7A5850
2025/05/21-15:29:33.969875 4af8           Options.random_access_max_buffer_size: 1048576
2025/05/21-15:29:33.969879 4af8                      Options.use_adaptive_mutex: 0
2025/05/21-15:29:33.969884 4af8                            Options.rate_limiter: 0000000000000000
2025/05/21-15:29:33.969890 4af8     Options.sst_file_manager.rate_bytes_per_sec: 0
2025/05/21-15:29:33.969913 4af8                       Options.wal_recovery_mode: 2
2025/05/21-15:29:33.969925 4af8                  Options.enable_thread_tracking: 0
2025/05/21-15:29:33.969942 4af8                  Options.enable_pipelined_write: 0
2025/05/21-15:29:33.969954 4af8                  Options.unordered_write: 0
2025/05/21-15:29:33.969959 4af8         Options.allow_concurrent_memtable_write: 1
2025/05/21-15:29:33.969964 4af8      Options.enable_write_thread_adaptive_yield: 1
2025/05/21-15:29:33.969969 4af8             Options.write_thread_max_yield_usec: 100
2025/05/21-15:29:33.969974 4af8            Options.write_thread_slow_yield_usec: 3
2025/05/21-15:29:33.969979 4af8                               Options.row_cache: None
2025/05/21-15:29:33.969985 4af8                              Options.wal_filter: None
2025/05/21-15:29:33.969990 4af8             Options.avoid_flush_during_recovery: 0
2025/05/21-15:29:33.969995 4af8             Options.allow_ingest_behind: 0
2025/05/21-15:29:33.970001 4af8             Options.two_write_queues: 0
2025/05/21-15:29:33.970006 4af8             Options.manual_wal_flush: 0
2025/05/21-15:29:33.970014 4af8             Options.wal_compression: 0
2025/05/21-15:29:33.970019 4af8             Options.background_close_inactive_wals: 0
2025/05/21-15:29:33.970024 4af8             Options.atomic_flush: 0
2025/05/21-15:29:33.970029 4af8             Options.avoid_unnecessary_blocking_io: 0
2025/05/21-15:29:33.970034 4af8             Options.prefix_seek_opt_in_only: 0
2025/05/21-15:29:33.970039 4af8                 Options.persist_stats_to_disk: 0
2025/05/21-15:29:33.970044 4af8                 Options.write_dbid_to_manifest: 1
2025/05/21-15:29:33.970049 4af8                 Options.write_identity_file: 1
2025/05/21-15:29:33.970054 4af8                 Options.log_readahead_size: 0
2025/05/21-15:29:33.970060 4af8                 Options.file_checksum_gen_factory: Unknown
2025/05/21-15:29:33.970065 4af8                 Options.best_efforts_recovery: 0
2025/05/21-15:29:33.970071 4af8                Options.max_bgerror_resume_count: 2147483647
2025/05/21-15:29:33.970076 4af8            Options.bgerror_resume_retry_interval: 1000000
2025/05/21-15:29:33.970082 4af8             Options.allow_data_in_errors: 0
2025/05/21-15:29:33.970088 4af8             Options.db_host_id: __hostname__
2025/05/21-15:29:33.970094 4af8             Options.enforce_single_del_contracts: true
2025/05/21-15:29:33.970101 4af8             Options.metadata_write_temperature: kUnknown
2025/05/21-15:29:33.970107 4af8             Options.wal_write_temperature: kUnknown
2025/05/21-15:29:33.970112 4af8             Options.max_background_jobs: 2
2025/05/21-15:29:33.970118 4af8             Options.max_background_compactions: -1
2025/05/21-15:29:33.970124 4af8             Options.max_subcompactions: 1
2025/05/21-15:29:33.970129 4af8             Options.avoid_flush_during_shutdown: 0
2025/05/21-15:29:33.970137 4af8           Options.writable_file_max_buffer_size: 1048576
2025/05/21-15:29:33.970142 4af8             Options.delayed_write_rate : 16777216
2025/05/21-15:29:33.970148 4af8             Options.max_total_wal_size: 1073741824
2025/05/21-15:29:33.970153 4af8             Options.delete_obsolete_files_period_micros: 21600000000
2025/05/21-15:29:33.970159 4af8                   Options.stats_dump_period_sec: 600
2025/05/21-15:29:33.970165 4af8                 Options.stats_persist_period_sec: 600
2025/05/21-15:29:33.970170 4af8                 Options.stats_history_buffer_size: 1048576
2025/05/21-15:29:33.970201 4af8                          Options.max_open_files: 1024
2025/05/21-15:29:33.970209 4af8                          Options.bytes_per_sync: 0
2025/05/21-15:29:33.970214 4af8                      Options.wal_bytes_per_sync: 0
2025/05/21-15:29:33.970220 4af8                   Options.strict_bytes_per_sync: 0
2025/05/21-15:29:33.970225 4af8       Options.compaction_readahead_size: 2097152
2025/05/21-15:29:33.970231 4af8                  Options.max_background_flushes: -1
2025/05/21-15:29:33.970237 4af8 Options.daily_offpeak_time_utc: 
2025/05/21-15:29:33.970253 4af8 Compression algorithms supported:
2025/05/21-15:29:33.970260 4af8 	kZSTD supported: 1
2025/05/21-15:29:33.970266 4af8 	kSnappyCompression supported: 1
2025/05/21-15:29:33.970271 4af8 	kBZip2Compression supported: 0
2025/05/21-15:29:33.970276 4af8 	kZlibCompression supported: 1
2025/05/21-15:29:33.970281 4af8 	kLZ4Compression supported: 1
2025/05/21-15:29:33.970287 4af8 	kXpressCompression supported: 0
2025/05/21-15:29:33.970293 4af8 	kLZ4HCCompression supported: 1
2025/05/21-15:29:33.970298 4af8 	kZSTDNotFinalCompression supported: 1
2025/05/21-15:29:33.970306 4af8 Fast CRC32 supported: Not supported on x86
2025/05/21-15:29:33.970311 4af8 DMutex implementation: std::mutex
2025/05/21-15:29:33.970316 4af8 Jemalloc supported: 0
2025/05/21-15:29:33.972089 4af8 [db\version_set.cc:6068] Recovering from manifest file: C:\Users\Behidj Neila\Desktop\manipulationUniversite - Copie (2) - Copie\Hyperledger_Besu\Clique-Network\Node-2\data\database/MANIFEST-000277
2025/05/21-15:29:33.972646 4af8 [db\column_family.cc:629] --------------- Options for column family [default]:
2025/05/21-15:29:33.972678 4af8               Options.comparator: leveldb.BytewiseComparator
2025/05/21-15:29:33.972694 4af8           Options.merge_operator: None
2025/05/21-15:29:33.972702 4af8        Options.compaction_filter: None
2025/05/21-15:29:33.972711 4af8        Options.compaction_filter_factory: None
2025/05/21-15:29:33.972719 4af8  Options.sst_partitioner_factory: None
2025/05/21-15:29:33.972728 4af8         Options.memtable_factory: SkipListFactory
2025/05/21-15:29:33.972737 4af8            Options.table_factory: BlockBasedTable
2025/05/21-15:29:33.972791 4af8            table_factory options:   flush_block_policy_factory: FlushBlockBySizePolicyFactory (000001CE7DA00210)
  cache_index_and_filter_blocks: 0
  cache_index_and_filter_blocks_with_high_priority: 1
  pin_l0_filter_and_index_blocks_in_cache: 0
  pin_top_level_index_and_filter: 1
  index_type: 0
  data_block_index_type: 0
  index_shortening: 1
  data_block_hash_table_util_ratio: 0.750000
  checksum: 4
  no_block_cache: 0
  block_cache: 000001CE7E249F70
  block_cache_name: LRUCache
  block_cache_options:
    capacity : 134217728
    num_shard_bits : 6
    strict_capacity_limit : 0
    memory_allocator : None
    high_pri_pool_ratio: 0.000
    low_pri_pool_ratio: 0.000
  persistent_cache: 0000000000000000
  block_size: 32768
  block_size_deviation: 10
  block_restart_interval: 16
  index_block_restart_interval: 1
  metadata_block_size: 4096
  partition_filters: 0
  use_delta_encoding: 1
  filter_policy: bloomfilter
  whole_key_filtering: 1
  verify_compression: 0
  read_amp_bytes_per_bit: 0
  format_version: 5
  enable_index_compression: 1
  block_align: 0
  max_auto_readahead_size: 262144
  prepopulate_block_cache: 0
  initial_auto_readahead_size: 8192
  num_file_reads_for_auto_readahead: 2
2025/05/21-15:29:33.972802 4af8        Options.write_buffer_size: 67108864
2025/05/21-15:29:33.972812 4af8  Options.max_write_buffer_number: 2
2025/05/21-15:29:33.972821 4af8          Options.compression: LZ4
2025/05/21-15:29:33.972830 4af8                  Options.bottommost_compression: Disabled
2025/05/21-15:29:33.972839 4af8       Options.prefix_extractor: nullptr
2025/05/21-15:29:33.972848 4af8   Options.memtable_insert_with_hint_prefix_extractor: nullptr
2025/05/21-15:29:33.972859 4af8             Options.num_levels: 7
2025/05/21-15:29:33.972868 4af8        Options.min_write_buffer_number_to_merge: 1
2025/05/21-15:29:33.972883 4af8     Options.max_write_buffer_number_to_maintain: 0
2025/05/21-15:29:33.972896 4af8     Options.max_write_buffer_size_to_maintain: 134217728
2025/05/21-15:29:33.972906 4af8            Options.bottommost_compression_opts.window_bits: -14
2025/05/21-15:29:33.972915 4af8                  Options.bottommost_compression_opts.level: 32767
2025/05/21-15:29:33.972924 4af8               Options.bottommost_compression_opts.strategy: 0
2025/05/21-15:29:33.972932 4af8         Options.bottommost_compression_opts.max_dict_bytes: 0
2025/05/21-15:29:33.972941 4af8         Options.bottommost_compression_opts.zstd_max_train_bytes: 0
2025/05/21-15:29:33.972950 4af8         Options.bottommost_compression_opts.parallel_threads: 1
2025/05/21-15:29:33.972959 4af8                  Options.bottommost_compression_opts.enabled: false
2025/05/21-15:29:33.972968 4af8         Options.bottommost_compression_opts.max_dict_buffer_bytes: 0
2025/05/21-15:29:33.972976 4af8         Options.bottommost_compression_opts.use_zstd_dict_trainer: true
2025/05/21-15:29:33.972985 4af8            Options.compression_opts.window_bits: -14
2025/05/21-15:29:33.973013 4af8                  Options.compression_opts.level: 32767
2025/05/21-15:29:33.973022 4af8               Options.compression_opts.strategy: 0
2025/05/21-15:29:33.973031 4af8         Options.compression_opts.max_dict_bytes: 0
2025/05/21-15:29:33.973039 4af8         Options.compression_opts.zstd_max_train_bytes: 0
2025/05/21-15:29:33.973047 4af8         Options.compression_opts.use_zstd_dict_trainer: true
2025/05/21-15:29:33.973056 4af8         Options.compression_opts.parallel_threads: 1
2025/05/21-15:29:33.973065 4af8                  Options.compression_opts.enabled: false
2025/05/21-15:29:33.973074 4af8         Options.compression_opts.max_dict_buffer_bytes: 0
2025/05/21-15:29:33.973083 4af8      Options.level0_file_num_compaction_trigger: 4
2025/05/21-15:29:33.973091 4af8          Options.level0_slowdown_writes_trigger: 20
2025/05/21-15:29:33.973100 4af8              Options.level0_stop_writes_trigger: 36
2025/05/21-15:29:33.973108 4af8                   Options.target_file_size_base: 67108864
2025/05/21-15:29:33.973117 4af8             Options.target_file_size_multiplier: 1
2025/05/21-15:29:33.973129 4af8                Options.max_bytes_for_level_base: 268435456
2025/05/21-15:29:33.973140 4af8 Options.level_compaction_dynamic_level_bytes: 1
2025/05/21-15:29:33.973150 4af8          Options.max_bytes_for_level_multiplier: 10.000000
2025/05/21-15:29:33.973159 4af8 Options.max_bytes_for_level_multiplier_addtl[0]: 1
2025/05/21-15:29:33.973168 4af8 Options.max_bytes_for_level_multiplier_addtl[1]: 1
2025/05/21-15:29:33.973176 4af8 Options.max_bytes_for_level_multiplier_addtl[2]: 1
2025/05/21-15:29:33.973185 4af8 Options.max_bytes_for_level_multiplier_addtl[3]: 1
2025/05/21-15:29:33.973193 4af8 Options.max_bytes_for_level_multiplier_addtl[4]: 1
2025/05/21-15:29:33.973201 4af8 Options.max_bytes_for_level_multiplier_addtl[5]: 1
2025/05/21-15:29:33.973209 4af8 Options.max_bytes_for_level_multiplier_addtl[6]: 1
2025/05/21-15:29:33.973218 4af8       Options.max_sequential_skip_in_iterations: 8
2025/05/21-15:29:33.973227 4af8                    Options.max_compaction_bytes: 1677721600
2025/05/21-15:29:33.973236 4af8                        Options.arena_block_size: 1048576
2025/05/21-15:29:33.973245 4af8   Options.soft_pending_compaction_bytes_limit: 68719476736
2025/05/21-15:29:33.973254 4af8   Options.hard_pending_compaction_bytes_limit: 274877906944
2025/05/21-15:29:33.973262 4af8                Options.disable_auto_compactions: 1
2025/05/21-15:29:33.973273 4af8                        Options.compaction_style: kCompactionStyleLevel
2025/05/21-15:29:33.973283 4af8                          Options.compaction_pri: kMinOverlappingRatio
2025/05/21-15:29:33.973291 4af8 Options.compaction_options_universal.size_ratio: 1
2025/05/21-15:29:33.973300 4af8 Options.compaction_options_universal.min_merge_width: 2
2025/05/21-15:29:33.973309 4af8 Options.compaction_options_universal.max_merge_width: 4294967295
2025/05/21-15:29:33.973401 4af8 Options.compaction_options_universal.max_size_amplification_percent: 200
2025/05/21-15:29:33.973413 4af8 Options.compaction_options_universal.compression_size_percent: -1
2025/05/21-15:29:33.973424 4af8 Options.compaction_options_universal.stop_style: kCompactionStopStyleTotalSize
2025/05/21-15:29:33.973433 4af8 Options.compaction_options_universal.max_read_amp: -1
2025/05/21-15:29:33.973441 4af8 Options.compaction_options_fifo.max_table_files_size: 1073741824
2025/05/21-15:29:33.973450 4af8 Options.compaction_options_fifo.allow_compaction: 0
2025/05/21-15:29:33.973511 4af8                   Options.table_properties_collectors: 
2025/05/21-15:29:33.973519 4af8                   Options.inplace_update_support: 0
2025/05/21-15:29:33.973528 4af8                 Options.inplace_update_num_locks: 10000
2025/05/21-15:29:33.973538 4af8               Options.memtable_prefix_bloom_size_ratio: 0.000000
2025/05/21-15:29:33.973559 4af8               Options.memtable_whole_key_filtering: 0
2025/05/21-15:29:33.973568 4af8   Options.memtable_huge_page_size: 0
2025/05/21-15:29:33.973577 4af8                           Options.bloom_locality: 0
2025/05/21-15:29:33.973585 4af8                    Options.max_successive_merges: 0
2025/05/21-15:29:33.973593 4af8             Options.strict_max_successive_merges: 0
2025/05/21-15:29:33.973602 4af8                Options.optimize_filters_for_hits: 0
2025/05/21-15:29:33.973610 4af8                Options.paranoid_file_checks: 0
2025/05/21-15:29:33.973618 4af8                Options.force_consistency_checks: 1
2025/05/21-15:29:33.973627 4af8                Options.report_bg_io_stats: 0
2025/05/21-15:29:33.973636 4af8                               Options.ttl: 0
2025/05/21-15:29:33.973644 4af8          Options.periodic_compaction_seconds: 0
2025/05/21-15:29:33.973653 4af8                        Options.default_temperature: kUnknown
2025/05/21-15:29:33.973662 4af8  Options.preclude_last_level_data_seconds: 0
2025/05/21-15:29:33.973670 4af8    Options.preserve_internal_time_seconds: 0
2025/05/21-15:29:33.973679 4af8                       Options.enable_blob_files: false
2025/05/21-15:29:33.973687 4af8                           Options.min_blob_size: 0
2025/05/21-15:29:33.973696 4af8                          Options.blob_file_size: 268435456
2025/05/21-15:29:33.973705 4af8                   Options.blob_compression_type: NoCompression
2025/05/21-15:29:33.973713 4af8          Options.enable_blob_garbage_collection: false
2025/05/21-15:29:33.973723 4af8      Options.blob_garbage_collection_age_cutoff: 0.250000
2025/05/21-15:29:33.973732 4af8 Options.blob_garbage_collection_force_threshold: 1.000000
2025/05/21-15:29:33.973741 4af8          Options.blob_compaction_readahead_size: 0
2025/05/21-15:29:33.973749 4af8                Options.blob_file_starting_level: 0
2025/05/21-15:29:33.973758 4af8         Options.experimental_mempurge_threshold: 0.000000
2025/05/21-15:29:33.973766 4af8            Options.memtable_max_range_deletions: 0
2025/05/21-15:29:33.974183 4af8 [db\column_family.cc:629] --------------- Options for column family []:
2025/05/21-15:29:33.974201 4af8               Options.comparator: leveldb.BytewiseComparator
2025/05/21-15:29:33.974209 4af8           Options.merge_operator: None
2025/05/21-15:29:33.974217 4af8        Options.compaction_filter: None
2025/05/21-15:29:33.974230 4af8        Options.compaction_filter_factory: None
2025/05/21-15:29:33.974237 4af8  Options.sst_partitioner_factory: None
2025/05/21-15:29:33.974251 4af8         Options.memtable_factory: SkipListFactory
2025/05/21-15:29:33.974270 4af8            Options.table_factory: BlockBasedTable
2025/05/21-15:29:33.974314 4af8            table_factory options:   flush_block_policy_factory: FlushBlockBySizePolicyFactory (000001CE7ED134C0)
  cache_index_and_filter_blocks: 0
  cache_index_and_filter_blocks_with_high_priority: 1
  pin_l0_filter_and_index_blocks_in_cache: 0
  pin_top_level_index_and_filter: 1
  index_type: 0
  data_block_index_type: 0
  index_shortening: 1
  data_block_hash_table_util_ratio: 0.750000
  checksum: 4
  no_block_cache: 0
  block_cache: 000001CE7E23FBD0
  block_cache_name: LRUCache
  block_cache_options:
    capacity : 134217728
    num_shard_bits : 6
    strict_capacity_limit : 0
    memory_allocator : None
    high_pri_pool_ratio: 0.000
    low_pri_pool_ratio: 0.000
  persistent_cache: 0000000000000000
  block_size: 32768
  block_size_deviation: 10
  block_restart_interval: 16
  index_block_restart_interval: 1
  metadata_block_size: 4096
  partition_filters: 0
  use_delta_encoding: 1
  filter_policy: bloomfilter
  whole_key_filtering: 1
  verify_compression: 0
  read_amp_bytes_per_bit: 0
  format_version: 5
  enable_index_compression: 1
  block_align: 0
  max_auto_readahead_size: 262144
  prepopulate_block_cache: 0
  initial_auto_readahead_size: 8192
  num_file_reads_for_auto_readahead: 2
2025/05/21-15:29:33.974328 4af8        Options.write_buffer_size: 67108864
2025/05/21-15:29:33.974339 4af8  Options.max_write_buffer_number: 2
2025/05/21-15:29:33.974347 4af8          Options.compression: LZ4
2025/05/21-15:29:33.974356 4af8                  Options.bottommost_compression: Disabled
2025/05/21-15:29:33.974367 4af8       Options.prefix_extractor: nullptr
2025/05/21-15:29:33.974376 4af8   Options.memtable_insert_with_hint_prefix_extractor: nullptr
2025/05/21-15:29:33.974384 4af8             Options.num_levels: 7
2025/05/21-15:29:33.974392 4af8        Options.min_write_buffer_number_to_merge: 1
2025/05/21-15:29:33.974401 4af8     Options.max_write_buffer_number_to_maintain: 0
2025/05/21-15:29:33.974409 4af8     Options.max_write_buffer_size_to_maintain: 134217728
2025/05/21-15:29:33.974418 4af8            Options.bottommost_compression_opts.window_bits: -14
2025/05/21-15:29:33.974427 4af8                  Options.bottommost_compression_opts.level: 32767
2025/05/21-15:29:33.974435 4af8               Options.bottommost_compression_opts.strategy: 0
2025/05/21-15:29:33.974444 4af8         Options.bottommost_compression_opts.max_dict_bytes: 0
2025/05/21-15:29:33.974452 4af8         Options.bottommost_compression_opts.zstd_max_train_bytes: 0
2025/05/21-15:29:33.974461 4af8         Options.bottommost_compression_opts.parallel_threads: 1
2025/05/21-15:29:33.974470 4af8                  Options.bottommost_compression_opts.enabled: false
2025/05/21-15:29:33.974479 4af8         Options.bottommost_compression_opts.max_dict_buffer_bytes: 0
2025/05/21-15:29:33.974488 4af8         Options.bottommost_compression_opts.use_zstd_dict_trainer: true
2025/05/21-15:29:33.974497 4af8            Options.compression_opts.window_bits: -14
2025/05/21-15:29:33.974506 4af8                  Options.compression_opts.level: 32767
2025/05/21-15:29:33.974514 4af8               Options.compression_opts.strategy: 0
2025/05/21-15:29:33.974522 4af8         Options.compression_opts.max_dict_bytes: 0
2025/05/21-15:29:33.974531 4af8         Options.compression_opts.zstd_max_train_bytes: 0
2025/05/21-15:29:33.974540 4af8         Options.compression_opts.use_zstd_dict_trainer: true
2025/05/21-15:29:33.974548 4af8         Options.compression_opts.parallel_threads: 1
2025/05/21-15:29:33.974556 4af8                  Options.compression_opts.enabled: false
2025/05/21-15:29:33.974565 4af8         Options.compression_opts.max_dict_buffer_bytes: 0
2025/05/21-15:29:33.974573 4af8      Options.level0_file_num_compaction_trigger: 4
2025/05/21-15:29:33.974582 4af8          Options.level0_slowdown_writes_trigger: 20
2025/05/21-15:29:33.974590 4af8              Options.level0_stop_writes_trigger: 36
2025/05/21-15:29:33.974599 4af8                   Options.target_file_size_base: 67108864
2025/05/21-15:29:33.974608 4af8             Options.target_file_size_multiplier: 1
2025/05/21-15:29:33.974617 4af8                Options.max_bytes_for_level_base: 268435456
2025/05/21-15:29:33.974625 4af8 Options.level_compaction_dynamic_level_bytes: 1
2025/05/21-15:29:33.974634 4af8          Options.max_bytes_for_level_multiplier: 10.000000
2025/05/21-15:29:33.974644 4af8 Options.max_bytes_for_level_multiplier_addtl[0]: 1
2025/05/21-15:29:33.974655 4af8 Options.max_bytes_for_level_multiplier_addtl[1]: 1
2025/05/21-15:29:33.974665 4af8 Options.max_bytes_for_level_multiplier_addtl[2]: 1
2025/05/21-15:29:33.974674 4af8 Options.max_bytes_for_level_multiplier_addtl[3]: 1
2025/05/21-15:29:33.974682 4af8 Options.max_bytes_for_level_multiplier_addtl[4]: 1
2025/05/21-15:29:33.974690 4af8 Options.max_bytes_for_level_multiplier_addtl[5]: 1
2025/05/21-15:29:33.974698 4af8 Options.max_bytes_for_level_multiplier_addtl[6]: 1
2025/05/21-15:29:33.974707 4af8       Options.max_sequential_skip_in_iterations: 8
2025/05/21-15:29:33.974715 4af8                    Options.max_compaction_bytes: 1677721600
2025/05/21-15:29:33.974723 4af8                        Options.arena_block_size: 1048576
2025/05/21-15:29:33.974732 4af8   Options.soft_pending_compaction_bytes_limit: 68719476736
2025/05/21-15:29:33.974740 4af8   Options.hard_pending_compaction_bytes_limit: 274877906944
2025/05/21-15:29:33.974749 4af8                Options.disable_auto_compactions: 1
2025/05/21-15:29:33.974758 4af8                        Options.compaction_style: kCompactionStyleLevel
2025/05/21-15:29:33.974768 4af8                          Options.compaction_pri: kMinOverlappingRatio
2025/05/21-15:29:33.974777 4af8 Options.compaction_options_universal.size_ratio: 1
2025/05/21-15:29:33.974785 4af8 Options.compaction_options_universal.min_merge_width: 2
2025/05/21-15:29:33.974793 4af8 Options.compaction_options_universal.max_merge_width: 4294967295
2025/05/21-15:29:33.974802 4af8 Options.compaction_options_universal.max_size_amplification_percent: 200
2025/05/21-15:29:33.974811 4af8 Options.compaction_options_universal.compression_size_percent: -1
2025/05/21-15:29:33.974820 4af8 Options.compaction_options_universal.stop_style: kCompactionStopStyleTotalSize
2025/05/21-15:29:33.974829 4af8 Options.compaction_options_universal.max_read_amp: -1
2025/05/21-15:29:33.974837 4af8 Options.compaction_options_fifo.max_table_files_size: 1073741824
2025/05/21-15:29:33.974846 4af8 Options.compaction_options_fifo.allow_compaction: 0
2025/05/21-15:29:33.974856 4af8                   Options.table_properties_collectors: 
2025/05/21-15:29:33.974865 4af8                   Options.inplace_update_support: 0
2025/05/21-15:29:33.974873 4af8                 Options.inplace_update_num_locks: 10000
2025/05/21-15:29:33.974882 4af8               Options.memtable_prefix_bloom_size_ratio: 0.000000
2025/05/21-15:29:33.974891 4af8               Options.memtable_whole_key_filtering: 0
2025/05/21-15:29:33.974902 4af8   Options.memtable_huge_page_size: 0
2025/05/21-15:29:33.974910 4af8                           Options.bloom_locality: 0
2025/05/21-15:29:33.974918 4af8                    Options.max_successive_merges: 0
2025/05/21-15:29:33.974927 4af8             Options.strict_max_successive_merges: 0
2025/05/21-15:29:33.974936 4af8                Options.optimize_filters_for_hits: 0
2025/05/21-15:29:33.974944 4af8                Options.paranoid_file_checks: 0
2025/05/21-15:29:33.974953 4af8                Options.force_consistency_checks: 1
2025/05/21-15:29:33.974961 4af8                Options.report_bg_io_stats: 0
2025/05/21-15:29:33.974969 4af8                               Options.ttl: 0
2025/05/21-15:29:33.974977 4af8          Options.periodic_compaction_seconds: 0
2025/05/21-15:29:33.974986 4af8                        Options.default_temperature: kUnknown
2025/05/21-15:29:33.974995 4af8  Options.preclude_last_level_data_seconds: 0
2025/05/21-15:29:33.975017 4af8    Options.preserve_internal_time_seconds: 0
2025/05/21-15:29:33.975026 4af8                       Options.enable_blob_files: true
2025/05/21-15:29:33.975034 4af8                           Options.min_blob_size: 100
2025/05/21-15:29:33.975042 4af8                          Options.blob_file_size: 268435456
2025/05/21-15:29:33.975051 4af8                   Options.blob_compression_type: LZ4
2025/05/21-15:29:33.975059 4af8          Options.enable_blob_garbage_collection: false
2025/05/21-15:29:33.975068 4af8      Options.blob_garbage_collection_age_cutoff: 0.250000
2025/05/21-15:29:33.975080 4af8 Options.blob_garbage_collection_force_threshold: 1.000000
2025/05/21-15:29:33.975091 4af8          Options.blob_compaction_readahead_size: 0
2025/05/21-15:29:33.975100 4af8                Options.blob_file_starting_level: 0
2025/05/21-15:29:33.975109 4af8         Options.experimental_mempurge_threshold: 0.000000
2025/05/21-15:29:33.975118 4af8            Options.memtable_max_range_deletions: 0
2025/05/21-15:29:33.975282 4af8 [db\column_family.cc:629] --------------- Options for column family []:
2025/05/21-15:29:33.975295 4af8               Options.comparator: leveldb.BytewiseComparator
2025/05/21-15:29:33.975304 4af8           Options.merge_operator: None
2025/05/21-15:29:33.975312 4af8        Options.compaction_filter: None
2025/05/21-15:29:33.975320 4af8        Options.compaction_filter_factory: None
2025/05/21-15:29:33.975328 4af8  Options.sst_partitioner_factory: None
2025/05/21-15:29:33.975336 4af8         Options.memtable_factory: SkipListFactory
2025/05/21-15:29:33.975345 4af8            Options.table_factory: BlockBasedTable
2025/05/21-15:29:33.975384 4af8            table_factory options:   flush_block_policy_factory: FlushBlockBySizePolicyFactory (000001CE7DA08D00)
  cache_index_and_filter_blocks: 0
  cache_index_and_filter_blocks_with_high_priority: 1
  pin_l0_filter_and_index_blocks_in_cache: 0
  pin_top_level_index_and_filter: 1
  index_type: 0
  data_block_index_type: 0
  index_shortening: 1
  data_block_hash_table_util_ratio: 0.750000
  checksum: 4
  no_block_cache: 0
  block_cache: 000001CE7E241000
  block_cache_name: LRUCache
  block_cache_options:
    capacity : 134217728
    num_shard_bits : 6
    strict_capacity_limit : 0
    memory_allocator : None
    high_pri_pool_ratio: 0.000
    low_pri_pool_ratio: 0.000
  persistent_cache: 0000000000000000
  block_size: 32768
  block_size_deviation: 10
  block_restart_interval: 16
  index_block_restart_interval: 1
  metadata_block_size: 4096
  partition_filters: 0
  use_delta_encoding: 1
  filter_policy: bloomfilter
  whole_key_filtering: 1
  verify_compression: 0
  read_amp_bytes_per_bit: 0
  format_version: 5
  enable_index_compression: 1
  block_align: 0
  max_auto_readahead_size: 262144
  prepopulate_block_cache: 0
  initial_auto_readahead_size: 8192
  num_file_reads_for_auto_readahead: 2
2025/05/21-15:29:33.975395 4af8        Options.write_buffer_size: 67108864
2025/05/21-15:29:33.975403 4af8  Options.max_write_buffer_number: 2
2025/05/21-15:29:33.975411 4af8          Options.compression: LZ4
2025/05/21-15:29:33.975420 4af8                  Options.bottommost_compression: Disabled
2025/05/21-15:29:33.975430 4af8       Options.prefix_extractor: nullptr
2025/05/21-15:29:33.975439 4af8   Options.memtable_insert_with_hint_prefix_extractor: nullptr
2025/05/21-15:29:33.975449 4af8             Options.num_levels: 7
2025/05/21-15:29:33.975457 4af8        Options.min_write_buffer_number_to_merge: 1
2025/05/21-15:29:33.975466 4af8     Options.max_write_buffer_number_to_maintain: 0
2025/05/21-15:29:33.975474 4af8     Options.max_write_buffer_size_to_maintain: 134217728
2025/05/21-15:29:33.975483 4af8            Options.bottommost_compression_opts.window_bits: -14
2025/05/21-15:29:33.975492 4af8                  Options.bottommost_compression_opts.level: 32767
2025/05/21-15:29:33.975501 4af8               Options.bottommost_compression_opts.strategy: 0
2025/05/21-15:29:33.975509 4af8         Options.bottommost_compression_opts.max_dict_bytes: 0
2025/05/21-15:29:33.975518 4af8         Options.bottommost_compression_opts.zstd_max_train_bytes: 0
2025/05/21-15:29:33.975527 4af8         Options.bottommost_compression_opts.parallel_threads: 1
2025/05/21-15:29:33.975535 4af8                  Options.bottommost_compression_opts.enabled: false
2025/05/21-15:29:33.975544 4af8         Options.bottommost_compression_opts.max_dict_buffer_bytes: 0
2025/05/21-15:29:33.975553 4af8         Options.bottommost_compression_opts.use_zstd_dict_trainer: true
2025/05/21-15:29:33.975562 4af8            Options.compression_opts.window_bits: -14
2025/05/21-15:29:33.975639 4af8                  Options.compression_opts.level: 32767
2025/05/21-15:29:33.975652 4af8               Options.compression_opts.strategy: 0
2025/05/21-15:29:33.975661 4af8         Options.compression_opts.max_dict_bytes: 0
2025/05/21-15:29:33.975670 4af8         Options.compression_opts.zstd_max_train_bytes: 0
2025/05/21-15:29:33.975679 4af8         Options.compression_opts.use_zstd_dict_trainer: true
2025/05/21-15:29:33.975687 4af8         Options.compression_opts.parallel_threads: 1
2025/05/21-15:29:33.975696 4af8                  Options.compression_opts.enabled: false
2025/05/21-15:29:33.975705 4af8         Options.compression_opts.max_dict_buffer_bytes: 0
2025/05/21-15:29:33.975714 4af8      Options.level0_file_num_compaction_trigger: 4
2025/05/21-15:29:33.975723 4af8          Options.level0_slowdown_writes_trigger: 20
2025/05/21-15:29:33.975731 4af8              Options.level0_stop_writes_trigger: 36
2025/05/21-15:29:33.975740 4af8                   Options.target_file_size_base: 67108864
2025/05/21-15:29:33.975749 4af8             Options.target_file_size_multiplier: 1
2025/05/21-15:29:33.975758 4af8                Options.max_bytes_for_level_base: 268435456
2025/05/21-15:29:33.975766 4af8 Options.level_compaction_dynamic_level_bytes: 1
2025/05/21-15:29:33.975776 4af8          Options.max_bytes_for_level_multiplier: 10.000000
2025/05/21-15:29:33.975786 4af8 Options.max_bytes_for_level_multiplier_addtl[0]: 1
2025/05/21-15:29:33.975794 4af8 Options.max_bytes_for_level_multiplier_addtl[1]: 1
2025/05/21-15:29:33.975803 4af8 Options.max_bytes_for_level_multiplier_addtl[2]: 1
2025/05/21-15:29:33.975813 4af8 Options.max_bytes_for_level_multiplier_addtl[3]: 1
2025/05/21-15:29:33.975821 4af8 Options.max_bytes_for_level_multiplier_addtl[4]: 1
2025/05/21-15:29:33.975830 4af8 Options.max_bytes_for_level_multiplier_addtl[5]: 1
2025/05/21-15:29:33.975839 4af8 Options.max_bytes_for_level_multiplier_addtl[6]: 1
2025/05/21-15:29:33.975847 4af8       Options.max_sequential_skip_in_iterations: 8
2025/05/21-15:29:33.975856 4af8                    Options.max_compaction_bytes: 1677721600
2025/05/21-15:29:33.975865 4af8                        Options.arena_block_size: 1048576
2025/05/21-15:29:33.975874 4af8   Options.soft_pending_compaction_bytes_limit: 68719476736
2025/05/21-15:29:33.975882 4af8   Options.hard_pending_compaction_bytes_limit: 274877906944
2025/05/21-15:29:33.975891 4af8                Options.disable_auto_compactions: 1
2025/05/21-15:29:33.975900 4af8                        Options.compaction_style: kCompactionStyleLevel
2025/05/21-15:29:33.975909 4af8                          Options.compaction_pri: kMinOverlappingRatio
2025/05/21-15:29:33.975918 4af8 Options.compaction_options_universal.size_ratio: 1
2025/05/21-15:29:33.975926 4af8 Options.compaction_options_universal.min_merge_width: 2
2025/05/21-15:29:33.975936 4af8 Options.compaction_options_universal.max_merge_width: 4294967295
2025/05/21-15:29:33.975945 4af8 Options.compaction_options_universal.max_size_amplification_percent: 200
2025/05/21-15:29:33.975954 4af8 Options.compaction_options_universal.compression_size_percent: -1
2025/05/21-15:29:33.975964 4af8 Options.compaction_options_universal.stop_style: kCompactionStopStyleTotalSize
2025/05/21-15:29:33.975973 4af8 Options.compaction_options_universal.max_read_amp: -1
2025/05/21-15:29:33.975982 4af8 Options.compaction_options_fifo.max_table_files_size: 1073741824
2025/05/21-15:29:33.975991 4af8 Options.compaction_options_fifo.allow_compaction: 0
2025/05/21-15:29:33.976001 4af8                   Options.table_properties_collectors: 
2025/05/21-15:29:33.976009 4af8                   Options.inplace_update_support: 0
2025/05/21-15:29:33.976018 4af8                 Options.inplace_update_num_locks: 10000
2025/05/21-15:29:33.976027 4af8               Options.memtable_prefix_bloom_size_ratio: 0.000000
2025/05/21-15:29:33.976036 4af8               Options.memtable_whole_key_filtering: 0
2025/05/21-15:29:33.976056 4af8   Options.memtable_huge_page_size: 0
2025/05/21-15:29:33.976065 4af8                           Options.bloom_locality: 0
2025/05/21-15:29:33.976076 4af8                    Options.max_successive_merges: 0
2025/05/21-15:29:33.976087 4af8             Options.strict_max_successive_merges: 0
2025/05/21-15:29:33.976096 4af8                Options.optimize_filters_for_hits: 0
2025/05/21-15:29:33.976105 4af8                Options.paranoid_file_checks: 0
2025/05/21-15:29:33.976114 4af8                Options.force_consistency_checks: 1
2025/05/21-15:29:33.976123 4af8                Options.report_bg_io_stats: 0
2025/05/21-15:29:33.976131 4af8                               Options.ttl: 0
2025/05/21-15:29:33.976140 4af8          Options.periodic_compaction_seconds: 0
2025/05/21-15:29:33.976152 4af8                        Options.default_temperature: kUnknown
2025/05/21-15:29:33.976160 4af8  Options.preclude_last_level_data_seconds: 0
2025/05/21-15:29:33.976169 4af8    Options.preserve_internal_time_seconds: 0
2025/05/21-15:29:33.976177 4af8                       Options.enable_blob_files: false
2025/05/21-15:29:33.976186 4af8                           Options.min_blob_size: 0
2025/05/21-15:29:33.976195 4af8                          Options.blob_file_size: 268435456
2025/05/21-15:29:33.976204 4af8                   Options.blob_compression_type: NoCompression
2025/05/21-15:29:33.976212 4af8          Options.enable_blob_garbage_collection: false
2025/05/21-15:29:33.976221 4af8      Options.blob_garbage_collection_age_cutoff: 0.250000
2025/05/21-15:29:33.976230 4af8 Options.blob_garbage_collection_force_threshold: 1.000000
2025/05/21-15:29:33.976240 4af8          Options.blob_compaction_readahead_size: 0
2025/05/21-15:29:33.976249 4af8                Options.blob_file_starting_level: 0
2025/05/21-15:29:33.976257 4af8         Options.experimental_mempurge_threshold: 0.000000
2025/05/21-15:29:33.976266 4af8            Options.memtable_max_range_deletions: 0
2025/05/21-15:29:33.976343 4af8 [db\column_family.cc:629] --------------- Options for column family []:
2025/05/21-15:29:33.976354 4af8               Options.comparator: leveldb.BytewiseComparator
2025/05/21-15:29:33.976362 4af8           Options.merge_operator: None
2025/05/21-15:29:33.976370 4af8        Options.compaction_filter: None
2025/05/21-15:29:33.976378 4af8        Options.compaction_filter_factory: None
2025/05/21-15:29:33.976386 4af8  Options.sst_partitioner_factory: None
2025/05/21-15:29:33.976395 4af8         Options.memtable_factory: SkipListFactory
2025/05/21-15:29:33.976403 4af8            Options.table_factory: BlockBasedTable
2025/05/21-15:29:33.976441 4af8            table_factory options:   flush_block_policy_factory: FlushBlockBySizePolicyFactory (000001CE7D945100)
  cache_index_and_filter_blocks: 0
  cache_index_and_filter_blocks_with_high_priority: 1
  pin_l0_filter_and_index_blocks_in_cache: 0
  pin_top_level_index_and_filter: 1
  index_type: 0
  data_block_index_type: 0
  index_shortening: 1
  data_block_hash_table_util_ratio: 0.750000
  checksum: 4
  no_block_cache: 0
  block_cache: 000001CE7E23F8A0
  block_cache_name: LRUCache
  block_cache_options:
